"success","trial_type","trial_index","time_elapsed","internal_node_id","rt","stimulus","key_press","subject_id","response","choice_outcomes","context_n","context_img_id","trial_n","probe_img_id","pR_red","pR_white","pR_black","outcome","contextArray_ind","validImageProbes","invalidImageProbes","pRew_Red","pRew_White","pRew_Black","availableForMemProbe","choice_blocks"
"true","fullscreen","0","37926","0.0-0.0","","","","","","","","","","","","","","","","","","","","","",""
"","pavlovia","1","37931","0.0-1.0","","","","","","","","","","","","","","","","","","","","","",""
"","html-keyboard-response","2","77069","0.0-2.0","39135.60000038147","<div class='center'><p>Welcome! This is the first day of the experiment which will last ~30 minutes. In this experiment, you are the head captain of a pirate ship traveling around the world to different places. You will complete several different tasks during this experiment. Here is an overview of these tasks:</p><br><p>Day 1</p><p>1. Tutorial and quiz</p><p>2. Pick a pirate game in 6 different places</p><br><p>Day 2</p><p>3. Pick a pirate game and memory game</p><p>4. Final questions and payment</p><br><p>If you complete the entire experiment, you will receive $15 and a possible bonus payment.</p><p><b>[Press the space bar to begin the tutorial]</b></p></div>","32","6114c2fd65371a03354de960","","","","","","","","","","","","","","","","","",""
"","html-keyboard-response","3","82156","0.0-3.0","5084.699999809265","<div class='center'><p>You’ll stop at these 6 islands on your journey. You'll be able to see them in the distance from your ship.</p><p><img src='run_exp/static/images/contexts/all_contexts.png' height='500'></p><p><b>[Press the space bar to continue]</b></p></div>","32","","","","","","","","","","","","","","","","","","",""
"","html-keyboard-response","4","90059","0.0-4.0","7902.199999809265","<div class='center'><p> The pirates on your ship will rob other ships as they leave island</p> These ships have just sold their things to the people living on the island, so they will have lots and lots of gold on them.</p><p><img src='run_exp/static/images/tutorial/ship_center.png' height='400'></p><p><b>[Press the space bar to continue]</b></p></div>","32","","","","","","","","","","","","","","","","","","",""
"","html-keyboard-response","5","105205","0.0-5.0","15143.400000095367","<div class='center'><p>As the head captain, you do not have to rob any ships yourself.</p><p>Another pirate will be doing the robbing for you. </p><p><img src='run_exp/static/images/tutorial/pirates_all_crop.png' height='200'></p><p>If they could rob the ship, then you will get a stack of gold coins like this:</p><p><img src='run_exp/static/images/tutorial/reward.png' height='150'></p><p> If they couldn't rob the ship, then you will get no gold coins and you'll see a big red x like this: </p><p><img src='run_exp/static/images/tutorial/reward_no.png' height='150'></p><p> How much bonus money you make is based on how many gold coins you collect.</p><p><b>[Press the space bar to continue]</b></p><div>","32","","","","","","","","","","","","","","","","","","",""
"","html-keyboard-response","6","118421","0.0-6.0","13214.299999713898","<div class='center'><p>Even the most skilled pirate can not rob EVERY ship.</p><p> Some ships will have very strong defenses against pirate attacks.</p><p> For example, blue beard, here, is very, very good at robbing ships.</p><p> You can press the <b>‘1’</b> button on the keyboard to choose him.</p><p> Try choosing him 10 times to see how often he can rob a ship. </p><p><img src='run_exp/static/images/tutorial/blue.png' height='500'></p></div>","49","","","","","","","","","","","","","","","","","","",""
"","html-keyboard-response","7","119924","0.0-7.0","null","<div class='center'><p><img src='run_exp/static/images/tutorial/blue_win.png' height='500'></p></div>","null","","","","","","","","","","","","","","","","","","",""
"","html-keyboard-response","8","120197","0.0-8.0","271.5","<div class='center'><img src='run_exp/static/images/tutorial/blue.png' height='500'></p></div>","49","","","","","","","","","","","","","","","","","","",""
"","html-keyboard-response","9","121701","0.0-9.0","null","<div class='center'><p><img src='run_exp/static/images/tutorial/blue_win.png' height='500'></p></div>","null","","","","","","","","","","","","","","","","","","",""
"","html-keyboard-response","10","123872","0.0-10.0","2170.5","<div class='center'><img src='run_exp/static/images/tutorial/blue.png' height='500'></p></div>","49","","","","","","","","","","","","","","","","","","",""
"","html-keyboard-response","11","125375","0.0-11.0","null","<div class='center'><p><img src='run_exp/static/images/tutorial/blue_win.png' height='500'></p></div>","null","","","","","","","","","","","","","","","","","","",""
"","html-keyboard-response","12","125562","0.0-12.0","186.5","<div class='center'><img src='run_exp/static/images/tutorial/blue.png' height='500'></p></div>","49","","","","","","","","","","","","","","","","","","",""
"","html-keyboard-response","13","127064","0.0-13.0","null","<div class='center'><p><img src='run_exp/static/images/tutorial/blue_no_win.png' height='500'></p></div>","null","","","","","","","","","","","","","","","","","","",""
"","html-keyboard-response","14","127634","0.0-14.0","568.3000001907349","<div class='center'><img src='run_exp/static/images/tutorial/blue.png' height='500'></p></div>","49","","","","","","","","","","","","","","","","","","",""
"","html-keyboard-response","15","129137","0.0-15.0","null","<div class='center'><p><img src='run_exp/static/images/tutorial/blue_win.png' height='500'></p></div>","null","","","","","","","","","","","","","","","","","","",""
"","html-keyboard-response","16","129520","0.0-16.0","382.3999996185303","<div class='center'><img src='run_exp/static/images/tutorial/blue.png' height='500'></p></div>","49","","","","","","","","","","","","","","","","","","",""
"","html-keyboard-response","17","131024","0.0-17.0","null","<div class='center'><p><img src='run_exp/static/images/tutorial/blue_win.png' height='500'></p></div>","null","","","","","","","","","","","","","","","","","","",""
"","html-keyboard-response","18","131374","0.0-18.0","349.59999990463257","<div class='center'><img src='run_exp/static/images/tutorial/blue.png' height='500'></p></div>","49","","","","","","","","","","","","","","","","","","",""
"","html-keyboard-response","19","132875","0.0-19.0","null","<div class='center'><p><img src='run_exp/static/images/tutorial/blue_win.png' height='500'></p></div>","null","","","","","","","","","","","","","","","","","","",""
"","html-keyboard-response","20","133178","0.0-20.0","301.69999980926514","<div class='center'><img src='run_exp/static/images/tutorial/blue.png' height='500'></p></div>","49","","","","","","","","","","","","","","","","","","",""
"","html-keyboard-response","21","134681","0.0-21.0","null","<div class='center'><p><img src='run_exp/static/images/tutorial/blue_no_win.png' height='500'></p></div>","null","","","","","","","","","","","","","","","","","","",""
"","html-keyboard-response","22","134995","0.0-22.0","313","<div class='center'><img src='run_exp/static/images/tutorial/blue.png' height='500'></p></div>","49","","","","","","","","","","","","","","","","","","",""
"","html-keyboard-response","23","136498","0.0-23.0","null","<div class='center'><p><img src='run_exp/static/images/tutorial/blue_win.png' height='500'></p></div>","null","","","","","","","","","","","","","","","","","","",""
"","html-keyboard-response","24","136796","0.0-24.0","297.5","<div class='center'><img src='run_exp/static/images/tutorial/blue.png' height='500'></p></div>","49","","","","","","","","","","","","","","","","","","",""
"","html-keyboard-response","25","138297","0.0-25.0","null","<div class='center'><p><img src='run_exp/static/images/tutorial/blue_win.png' height='500'></p></div>","null","","","","","","","","","","","","","","","","","","",""
"","html-keyboard-response","26","140483","0.0-26.0","2185.0999999046326","<div class='center'><p> See, he could rob the ships most of the time but not every time. </p><p><b>[Press the space bar to continue]</b></p></div>","32","","","","","","","","","","","","","","","","","","",""
"","html-keyboard-response","27","151113","0.0-27.0","10628.099999904633","<div class='center'><p>You will get to choose which of three pirates you want to rob the next ship. <p>Press the <b>‘1’</b> button on your keyboard to pick the pirate with the red beard.</p><p> Press <b>‘2’</b> to pick the pirate with the white beard.</p><p> Press <b>‘3’</b> to pick the pirate with the black beard.</p><p>Try picking a pirate now!</p><p><img src='run_exp/static/images/tutorial/all_pirates.png' height='500'></p></div>","50","","","","","","","","","","","","","","","","","","",""
"","html-keyboard-response","28","152422","0.0-28.0-0.0","1306.8000001907349","<div class='center'><p>This pirate could rob the ship!</p><p><img src='run_exp/static/images/tutorial/white_win.png' height='500'></p><p><b>[Press the space bar to continue]</b></p></div>","32","","","","","","","","","","","","","","","","","","",""
"","html-keyboard-response","29","154099","0.0-28.0-1.0","1675.8000001907349","<div class='center'><p>Now try choosing another</p><p><img src='run_exp/static/images/tutorial/all_pirates.png' height='500'></p></div>","49","","","","","","","","","","","","","","","","","","",""
"","html-keyboard-response","30","155328","0.0-29.0-0.0","1227.5999999046326","<div class='center'><p>This pirate could not rob the ship.</p><p><img src='run_exp/static/images/tutorial/red_no_win.png' height='500'></p><p><b>[Press the space bar to continue]</b></p></div>","32","","","","","","","","","","","","","","","","","","",""
"","html-keyboard-response","31","161670","0.0-30.0-0.0","6341","<div class='center'><p>If you don’t make your choice fast enough, you’ll have to wait a few seconds before you can make another one. </p><p>You can’t collect more gold coins. You just have to sit and wait.</p><p><img src='run_exp/static/images/miscellaneous/hurry_up.png' height='500'></p><p><b>[Press the space bar to continue]</b></p></div>","32","","","","","","","","","","","","","","","","","","",""
"","html-keyboard-response","32","190838","0.0-30.0-1.0","29166.599999904633","<div class='center'><p>Once you choose a pirate, you’ll be shown the ship they are robbing.</p><p>You will never rob the same ship twice.</p><p>Ships can be told apart from one another by the image on them.</p><p> Every time you see a ship, you will have to remember on which island you saw it.</p><p> Remembering correctly will help you win more bonus money!</p><p>A helpful strategy is to try to come up with a story of the object on the ship interacting with the current island scene.</p><p> For example, here, you could imagine a mug full of water in the desert. </p><p>For a ship with an apple on it on the forest island, you could imagine an apple falling from a tree in the forest.</p><p><img src='run_exp/static/images/tutorial/example_probe.png' height='500'></p><p><b>[Press the space bar to continue]</b></p></div>","32","","","","","","","","","","","","","","","","","","",""
"","html-keyboard-response","33","200251","0.0-30.0-2.0","9411.900000095367","<div class='center'><p>How good a pirate is at robbing ships will depend on the current island.</p><p> A pirate may have visited the island many times before and gained a lot of practice robbing ships there.</p><p>So, they're more likely to bring back gold coins than a pirate who has never visited this island before. </p><p><b>[Press the space bar to continue]</b></p></div>","32","","","","","","","","","","","","","","","","","","",""
"","html-keyboard-response","34","213413","0.0-30.0-3.0","13160.10000038147","<div class='center'><p>How good a pirate is at robbing ships can also change over the time spent on the island<p> Ships may hear from islanders about the pirates coming and will improve their protection against the attack. This may make it harder to rob them.</p><p> Ships may also become lazy and lower their protection. This may make it easier to rob them.</p><br><p>Things are always changing on the high seas! So, try your best to pay attention!</p><p><img src='run_exp/static/images/tutorial/contingency.png' height='500'></p><p><b>[Press the space bar to continue]</b></p></div>","32","","","","","","","","","","","","","","","","","","",""
"","html-keyboard-response","35","232978","0.0-30.0-4.0","19563.700000286102","<div class='center'><p>Let's go over the instructions quickly again.You have two important things to do: </p><b><p> 1. Pick the pirate who is the best at robbing ships on the current island.</p></b><b><p> 2. Remember on which island a ship was robbed.</p> </b><p>How much bonus money you make is based on both. </p><br><p>Let’s try a practice game. The game will start by showing you the pirates. First pick a pirate using the <b> 1, 2, 3 </b> buttons on your keyboard. When you are shown a ship, try to remember the island you’re on by making up a story.</p><p> You only have 3 seconds to pick a pirate, so please make a choice quickly! If you are too slow, you’ll have to wait a bit during the time out.</p><p> Don’t feel rushed, but please do try to make a choice every time.</p><p>This is just a practice game, so you’re not playing for money. </p><p> Good luck, remember press <b>'1'</b> to choose red beard, <b>'2'</b> to choose white beard, and <b>'3'</b> to choose black beard</p><p><b>[Press the space bar to begin the practice game]</b></p></div>","32","","","","","","","","","","","","","","","","","","",""
"","do_welcome","36","234489","0.0-30.0-5.0","null","","","","null","","","","","","","","","","","","","","","","",""
"","do_trial","37","239696","0.0-30.0-6.0","691.4000000953674","","","","50","1,0,0","","","","","","","","","","","","","","","",""
"","html-keyboard-response","38","240700","0.0-31.0-0.0","null","<p></p>","null","","","","","","","","","","","","","","","","","","",""
"","do_trial","39","245734","0.0-31.0-1.0","522.3000001907349","","","","49","1,1,0","","","","","","","","","","","","","","","",""
"","html-keyboard-response","40","246738","0.0-32.0-0.0","null","<p></p>","null","","","","","","","","","","","","","","","","","","",""
"","do_trial","41","252282","0.0-32.0-1.0","1031.8000001907349","","","","51","1,0,1","","","","","","","","","","","","","","","",""
"","html-keyboard-response","42","253286","0.0-33.0-0.0","null","<p></p>","null","","","","","","","","","","","","","","","","","","",""
"","do_trial","43","258884","0.0-33.0-1.0","1085.6999998092651","","","","49","0,1,0","","","","","","","","","","","","","","","",""
"","html-keyboard-response","44","259889","0.0-34.0-0.0","null","<p></p>","null","","","","","","","","","","","","","","","","","","",""
"","do_trial","45","264885","0.0-34.0-1.0","486.09999990463257","","","","50","1,0,0","","","","","","","","","","","","","","","",""
"","do_bye","46","266394","0.0-35.0-0.0","null","","","","null","","","","","","","","","","","","","","","","",""
"","do_travel","47","272396","0.0-35.0-1.0","null","","","","null","","","","","","","","","","","","","","","","",""
"","do_welcome","48","273902","0.0-35.0-2.0","null","","","","null","","","","","","","","","","","","","","","","",""
"","do_trial","49","279357","0.0-35.0-3.0","947.9000000953674","","","","51","1,0,0","","","","","","","","","","","","","","","",""
"","html-keyboard-response","50","280361","0.0-36.0-0.0","null","<p></p>","null","","","","","","","","","","","","","","","","","","",""
"","do_trial","51","285394","0.0-36.0-1.0","520.1999998092651","","","","49","1,0,1","","","","","","","","","","","","","","","",""
"","html-keyboard-response","52","286400","0.0-37.0-0.0","null","<p></p>","null","","","","","","","","","","","","","","","","","","",""
"","do_trial","53","291414","0.0-37.0-1.0","508.2999997138977","","","","49","1,1,0","","","","","","","","","","","","","","","",""
"","html-keyboard-response","54","292418","0.0-38.0-0.0","null","<p></p>","null","","","","","","","","","","","","","","","","","","",""
"","do_trial","55","297661","0.0-38.0-1.0","735.8000001907349","","","","49","0,0,1","","","","","","","","","","","","","","","",""
"","html-keyboard-response","56","298665","0.0-39.0-0.0","null","<p></p>","null","","","","","","","","","","","","","","","","","","",""
"","do_trial","57","303582","0.0-39.0-1.0","408.30000019073486","","","","50","1,0,1","","","","","","","","","","","","","","","",""
"","html-keyboard-response","58","306205","0.0-40.0-0.0","2621.5999999046326","<div class='center'><p><img src='run_exp/static/images/tutorial/prac_best_pirate.png'  height='500'></p></div>","49","","","","","","","","","","","","","","","","","","",""
"","html-keyboard-response","59","307968","0.0-41.0-0.0","1761.1999998092651","<div class='center'><p>That's correct! Red beard was the best.</p><p><b>[Press the space bar to continue]</b></p></div>","32","","","","","","","","","","","","","","","","","","",""
"","html-keyboard-response","60","311322","0.0-41.0-1.0","3353","<div class='center'><p><img src='run_exp/static/images/tutorial/prac_source.png'  height='500'></p></div>","50","","","","","","","","","","","","","","","","","","",""
"","html-keyboard-response","61","312958","0.0-42.0-0.0","1635","<div class='center'><p>That's correct! You saw this ship on the cavern island.</p><p><b>[Press the space bar to continue]</b></p></div>","32","","","","","","","","","","","","","","","","","","",""
"","html-keyboard-response","62","321613","0.0-42.0-1.0","8653.699999809265","<div class='center'><p>Good job on the practice game! Now, you will be asked you some true or false questions to make sure you really understand the rules of the game.</p><p> Press <b>'1'</b> on the keyboard for true and press <b>'2'</b> for false.</p><p><b>[Press the space bar to begin the quiz]</b></p></div>","32","","","","","","","","","","","","","","","","","","",""
"","html-keyboard-response","63","326034","0.0-42.0-2.0","4420.200000286102","<div class='center'><p>You win bonus money by making choices as fast as possible.</p><p>Press 1 for true and press  2 for false.</p></div>","49","","","","","","","","","","","","","","","","","","",""
"","html-keyboard-response","64","329183","0.0-43.0-0.0","3147.5","<<div class='center'><p>That’s incorrect! You win bonus money by collecting as many gold coins as possible!</p><p><b>[press the space bar to continue with the quiz]</b></p></div>","32","","","","","","","","","","","","","","","","","","",""
"","html-keyboard-response","65","333787","0.0-43.0-1.0","4603.400000095367","<div class='center'><p>You press the <b>‘3’</b> button on the keyboard to choose the red bearded pirate. </p><p>Press 1 for true and press  2 for false.</p></div>","50","","","","","","","","","","","","","","","","","","",""
"","html-keyboard-response","66","334741","0.0-44.0-0.0","952.4000000953674","<div class='center'><p>That's correct!</p> <p><b>[press the space bar to continue with the quiz]</b></p></div>","32","","","","","","","","","","","","","","","","","","",""
"","html-keyboard-response","67","338528","0.0-44.0-1.0","3785.699999809265","<div class='center'><p>The pirate who is the best at robbing ships on the first island will be the best on every other island.</p><p>Press 1 for true and press  2 for false.</p></div>","50","","","","","","","","","","","","","","","","","","",""
"","html-keyboard-response","68","339454","0.0-45.0-0.0","925","<div class='center'><p>That's correct!</p> <p><b>[press the space bar to continue with the quiz]</b></p></div>","32","","","","","","","","","","","","","","","","","","",""
"","html-keyboard-response","69","342844","0.0-45.0-1.0","3389.4000000953674","<div class='center'><p>You should remember the island where a pirate robbed a ship.</p><p>Press 1 for true and press  2 for false.</p></div>","49","","","","","","","","","","","","","","","","","","",""
"","html-keyboard-response","70","343428","0.0-46.0-0.0","580.7999997138977","<div class='center'><p>That's correct!</p> <p><b>[press the space bar to continue with the quiz]</b></p></div>","32","","","","","","","","","","","","","","","","","","",""
"","html-keyboard-response","71","348528","0.0-47.0-0.0","5099.400000095367","<div class='center'><p>Oops, you missed some questions. Now that you’ve heard the correct answers. Try the quiz again! If you fail the quiz too many times, you won’t be able to do the experiment. </p> <p><br>[press the space bar to repeat the quiz]</br></p></div>","32","","","","","","","","","","","","","","","","","","",""
"","html-keyboard-response","72","350758","0.0-47.0-1.0","2229.5999999046326","<div class='center'><p>You win bonus money by making choices as fast as possible.</p><p>Press 1 for true and press  2 for false.</p></div>","50","","","","","","","","","","","","","","","","","","",""
"","html-keyboard-response","73","351345","0.0-48.0-0.0","586.3000001907349","<div class='center'><p>That's correct!</p> <p><b>[press the space bar to continue with the quiz]</b></p></div>","32","","","","","","","","","","","","","","","","","","",""
"","html-keyboard-response","74","354057","0.0-48.0-1.0","2710.7000002861023","<div class='center'><p>You press the <b>‘3’</b> button on the keyboard to choose the red bearded pirate. </p><p>Press 1 for true and press  2 for false.</p></div>","50","","","","","","","","","","","","","","","","","","",""
"","html-keyboard-response","75","354604","0.0-49.0-0.0","546.5","<div class='center'><p>That's correct!</p> <p><b>[press the space bar to continue with the quiz]</b></p></div>","32","","","","","","","","","","","","","","","","","","",""
"","html-keyboard-response","76","357911","0.0-49.0-1.0","3305.5999999046326","<div class='center'><p>The pirate who is the best at robbing ships on the first island will be the best on every other island.</p><p>Press 1 for true and press  2 for false.</p></div>","50","","","","","","","","","","","","","","","","","","",""
"","html-keyboard-response","77","358409","0.0-50.0-0.0","497.69999980926514","<div class='center'><p>That's correct!</p> <p><b>[press the space bar to continue with the quiz]</b></p></div>","32","","","","","","","","","","","","","","","","","","",""
"","html-keyboard-response","78","360523","0.0-50.0-1.0","2112.800000190735","<div class='center'><p>You should remember the island where a pirate robbed a ship.</p><p>Press 1 for true and press  2 for false.</p></div>","49","","","","","","","","","","","","","","","","","","",""
"","html-keyboard-response","79","360981","0.0-51.0-0.0","448.59999990463257","<div class='center'><p>That's correct!</p> <p><b>[press the space bar to continue with the quiz]</b></p></div>","32","","","","","","","","","","","","","","","","","","",""
"","html-keyboard-response","80","362372","0.0-52.0-0.0","1389.8000001907349","<div class='center'><p>Good job! You’re now ready to move on to the real game!</p> <p><br>[press the space bar to begin!]</br></p></div>","32","","","","","","","","","","","","","","","","","","",""
"","do_welcome","81","363880","0.0-53.0-0.0","null","","","","null","","","","","","","","","","","","","","","","",""
"","do_trial","82","369291","0.0-54.0-0.0","863.3000001907349","","","","49","1,0,0","0","forest","0","probe-133","0.6","0.3","0.1","1","","","","","","","",""
"","html-keyboard-response","83","370295","0.0-54.0-1.0","null","<p></p>","null","","","","","","","","","","","","","","","","","","",""
"","do_trial","84","375386","0.0-55.0-0.0","542.7000002861023","","","","51","0,0,0","0","forest","1","probe-117","0.5678057945912813","0.34504502121243724","0.1814608904468823","0","","","","","","","",""
"","html-keyboard-response","85","376390","0.0-55.0-1.0","null","<p></p>","null","","","","","","","","","","","","","","","","","","",""
"","do_trial","86","381423","0.0-56.0-0.0","488.2999997138977","","","","50","1,0,0","0","forest","2","probe-93","0.580877636408972","0.23799169549638108","0.13779901557667265","0","","","","","","","",""
"","html-keyboard-response","87","382428","0.0-56.0-1.0","null","<p></p>","null","","","","","","","","","","","","","","","","","","",""
"","do_trial","88","387467","0.0-57.0-0.0","498.7000002861023","","","","49","1,0,0","0","forest","3","probe-229","0.5712307246247179","0.2334967159030296","0.29888283656354725","1","","","","","","","",""
"","html-keyboard-response","89","388471","0.0-57.0-1.0","null","<p></p>","null","","","","","","","","","","","","","","","","","","",""
"","do_trial","90","393478","0.0-58.0-0.0","460","","","","49","1,0,1","0","forest","4","probe-105","0.6591505089792946","0.4668111902162472","0.36561788425753816","1","","","","","","","",""
"","html-keyboard-response","91","394480","0.0-58.0-1.0","null","<p></p>","null","","","","","","","","","","","","","","","","","","",""
"","do_trial","92","399420","0.0-59.0-0.0","390.7000002861023","","","","49","1,0,0","0","forest","5","probe-213","0.6217645576515266","0.29209396878869615","0.20201487396693932","1","","","","","","","",""
"","html-keyboard-response","93","400423","0.0-59.0-1.0","null","<p></p>","null","","","","","","","","","","","","","","","","","","",""
"","do_trial","94","405277","0.0-60.0-0.0","310.59999990463257","","","","50","1,1,0","0","forest","6","probe-226","0.5427780792906229","0.38126143683688896","0.11654626241444853","1","","","","","","","",""
"","html-keyboard-response","95","406281","0.0-60.0-1.0","null","<p></p>","null","","","","","","","","","","","","","","","","","","",""
"","do_trial","96","411245","0.0-61.0-0.0","414.69999980926514","","","","49","0,0,0","0","forest","7","probe-39","0.5771287370086843","0.44139895064438683","0.14738105755922568","0","","","","","","","",""
"","html-keyboard-response","97","412249","0.0-61.0-1.0","null","<p></p>","null","","","","","","","","","","","","","","","","","","",""
"","do_trial","98","417259","0.0-62.0-0.0","463.7999997138977","","","","51","0,0,0","0","forest","8","probe-100","0.47116589799430786","0.30354208342956224","0.14408795703363134","0","","","","","","","",""
"","html-keyboard-response","99","418263","0.0-62.0-1.0","null","<p></p>","null","","","","","","","","","","","","","","","","","","",""
"","do_trial","100","423325","0.0-63.0-0.0","515.5","","","","51","1,0,0","0","forest","9","probe-200","0.583517521882395","0.3624201881236785","0.1967211299198601","0","","","","","","","",""
"","html-keyboard-response","101","424330","0.0-63.0-1.0","null","<p></p>","null","","","","","","","","","","","","","","","","","","",""
"","do_trial","102","429404","0.0-64.0-0.0","528.4000000953674","","","","49","0,1,0","0","forest","10","probe-29","0.5692991228389989","0.39879983665712737","0.24068324239397781","0","","","","","","","",""
"","html-keyboard-response","103","430407","0.0-64.0-1.0","null","<p></p>","null","","","","","","","","","","","","","","","","","","",""
"","do_trial","104","435748","0.0-65.0-0.0","797.5999999046326","","","","49","0,0,0","0","forest","11","probe-45","0.6585033362329376","0.24931769325132713","0.23904178846511745","0","","","","","","","",""
"","html-keyboard-response","105","436752","0.0-65.0-1.0","null","<p></p>","null","","","","","","","","","","","","","","","","","","",""
"","do_trial","106","441634","0.0-66.0-0.0","338.59999990463257","","","","50","1,0,0","0","forest","12","probe-76","0.6762539516287079","0.3112233751148801","0.061003657492737416","0","","","","","","","",""
"","html-keyboard-response","107","442639","0.0-66.0-1.0","null","<p></p>","null","","","","","","","","","","","","","","","","","","",""
"","do_trial","108","447533","0.0-67.0-0.0","348.8999996185303","","","","49","1,0,0","0","forest","13","probe-06","0.5920886812988501","0.2790102671517412","0.06265113037877171","1","","","","","","","",""
"","html-keyboard-response","109","448537","0.0-67.0-1.0","null","<p></p>","null","","","","","","","","","","","","","","","","","","",""
"","do_trial","110","453384","0.0-68.0-0.0","300.40000009536743","","","","49","1,0,1","0","forest","14","probe-92","0.6261895125790903","0.18742878402386867","0.18237048424173352","1","","","","","","","",""
"","html-keyboard-response","111","454390","0.0-68.0-1.0","null","<p></p>","null","","","","","","","","","","","","","","","","","","",""
"","do_trial","112","459300","0.0-69.0-0.0","363.90000009536743","","","","51","1,0,0","0","forest","15","probe-167","0.709785262989177","0.22887610006784653","0.24137571560112236","0","","","","","","","",""
"","html-keyboard-response","113","460304","0.0-69.0-1.0","null","<p></p>","null","","","","","","","","","","","","","","","","","","",""
"","do_trial","114","465581","0.0-70.0-0.0","731.6999998092651","","","","49","1,0,0","0","forest","16","probe-44","0.5260694970131036","0.32384794653701804","0.2063045593685373","1","","","","","","","",""
"","html-keyboard-response","115","466585","0.0-70.0-1.0","null","<p></p>","null","","","","","","","","","","","","","","","","","","",""
"","do_trial","116","471400","0.0-71.0-0.0","266","","","","49","0,0,0","0","forest","17","probe-154","0.4968806505956594","0.3406068999883555","0.19840707938313762","0","","","","","","","",""
"","html-keyboard-response","117","472402","0.0-71.0-1.0","null","<p></p>","null","","","","","","","","","","","","","","","","","","",""
"","do_trial","118","477319","0.0-72.0-0.0","370.2000002861023","","","","50","1,1,0","0","forest","18","probe-206","0.6332355690556342","0.20360518421590212","0.2475725931736575","1","","","","","","","",""
"","html-keyboard-response","119","478323","0.0-72.0-1.0","null","<p></p>","null","","","","","","","","","","","","","","","","","","",""
"","do_trial","120","483153","0.0-73.0-0.0","283.7999997138977","","","","50","1,0,0","0","forest","19","probe-122","0.6027910158014427","0.229658875317344","0.09592295954004947","0","","","","","","","",""
"","html-keyboard-response","121","484157","0.0-73.0-1.0","null","<p></p>","null","","","","","","","","","","","","","","","","","","",""
"","do_trial","122","488894","0.0-74.0-0.0","191.09999990463257","","","","49","1,0,0","0","forest","20","probe-120","0.5045353885574879","0.45997002666634346","0.18666737560905433","1","","","","","","","",""
"","html-keyboard-response","123","489899","0.0-74.0-1.0","null","<p></p>","null","","","","","","","","","","","","","","","","","","",""
"","do_trial","124","494880","0.0-75.0-0.0","435.59999990463257","","","","50","1,0,0","0","forest","21","probe-104","0.5066190422651219","0.44978127669348483","0.12496717637070517","0","","","","","","","",""
"","html-keyboard-response","125","495884","0.0-75.0-1.0","null","<p></p>","null","","","","","","","","","","","","","","","","","","",""
"","do_trial","126","500726","0.0-76.0-0.0","296.8999996185303","","","","49","1,0,0","0","forest","22","probe-98","0.40147551430975936","0.4733293365428225","0.15689486580539383","1","","","","","","","",""
"","html-keyboard-response","127","501730","0.0-76.0-1.0","null","<p></p>","null","","","","","","","","","","","","","","","","","","",""
"","do_trial","128","506757","0.0-77.0-0.0","478.80000019073486","","","","49","0,0,0","0","forest","23","probe-81","0.5893667089312146","0.22937914727723838","0.2224079134684579","0","","","","","","","",""
"","html-keyboard-response","129","507761","0.0-77.0-1.0","null","<p></p>","null","","","","","","","","","","","","","","","","","","",""
"","do_trial","130","512737","0.0-78.0-0.0","428.09999990463257","","","","49","1,0,1","0","forest","24","probe-205","0.6055755479229862","0.09460299728521389","0.17522878903491643","1","","","","","","","",""
"","html-keyboard-response","131","513741","0.0-78.0-1.0","null","<p></p>","null","","","","","","","","","","","","","","","","","","",""
"","do_trial","132","518632","0.0-79.0-0.0","343.19999980926514","","","","51","1,0,0","0","forest","25","probe-64","0.7798037956290901","0.25361827693050615","0.05100126802752275","0","","","","","","","",""
"","html-keyboard-response","133","519634","0.0-79.0-1.0","null","<p></p>","null","","","","","","","","","","","","","","","","","","",""
"","do_trial","134","524776","0.0-80.0-0.0","596.3000001907349","","","","51","0,0,0","0","forest","26","probe-57","0.7205803151424418","0.1826488920510939","0.0876758161875502","0","","","","","","","",""
"","html-keyboard-response","135","525781","0.0-80.0-1.0","null","<p></p>","null","","","","","","","","","","","","","","","","","","",""
"","do_trial","136","530744","0.0-81.0-0.0","415.7999997138977","","","","49","1,0,0","0","forest","27","probe-153","0.6858716446813726","0.20675297686493715","0.14792522966634708","1","","","","","","","",""
"","html-keyboard-response","137","531748","0.0-81.0-1.0","null","<p></p>","null","","","","","","","","","","","","","","","","","","",""
"","do_trial","138","536776","0.0-82.0-0.0","482.40000009536743","","","","49","0,1,1","0","forest","28","probe-11","0.512549710346556","0.2180811350189733","0.1778664515476102","0","","","","","","","",""
"","html-keyboard-response","139","537780","0.0-82.0-1.0","null","<p></p>","null","","","","","","","","","","","","","","","","","","",""
"","do_trial","140","542662","0.0-83.0-0.0","334.2999997138977","","","","49","1,0,0","0","forest","29","probe-125","0.5005120434988897","0.2602121035266467","0.20897150677756085","1","","","","","","","",""
"","html-keyboard-response","141","543666","0.0-83.0-1.0","null","<p></p>","null","","","","","","","","","","","","","","","","","","",""
"","do_bye","142","545175","0.0-84.0-0.0","null","","","","null","","","","","","","","","","","","","","","","",""
"","do_travel","143","551178","0.0-85.0-0.0","null","","","","null","","","","","","","","","","","","","","","","",""
"","do_welcome","144","552687","0.0-85.0-1.0","null","","","","null","","","","","","","","","","","","","","","","",""
"","do_trial","145","557924","0.0-86.0-0.0","695.5999999046326","","","","50","1,1,0","1","coast","30","probe-224","1","0.384932613643815","0.10527862755545622","1","","","","","","","",""
"","html-keyboard-response","146","558927","0.0-86.0-1.0","null","<p></p>","null","","","","","","","","","","","","","","","","","","",""
"","do_trial","147","563897","0.0-87.0-0.0","425","","","","50","1,0,0","1","coast","31","probe-228","1","0.3843785724207712","0.07635309216062124","0","","","","","","","",""
"","html-keyboard-response","148","564901","0.0-87.0-1.0","null","<p></p>","null","","","","","","","","","","","","","","","","","","",""
"","do_trial","149","569956","0.0-88.0-0.0","510.19999980926514","","","","51","1,0,0","1","coast","32","probe-126","1","0.3546404337381514","0.08987797309894066","0","","","","","","","",""
"","html-keyboard-response","150","570962","0.0-88.0-1.0","null","<p></p>","null","","","","","","","","","","","","","","","","","","",""
"","do_trial","151","575880","0.0-89.0-0.0","371.59999990463257","","","","49","1,0,1","1","coast","33","probe-168","0.7254956827322964","0.28223780351852557","0.13126564465258528","1","","","","","","","",""
"","html-keyboard-response","152","576886","0.0-89.0-1.0","null","<p></p>","null","","","","","","","","","","","","","","","","","","",""
"","do_trial","153","581681","0.0-90.0-0.0","245","","","","49","1,1,0","1","coast","34","probe-113","0.718281937020217","0.3736313509224179","0.1897661420117279","1","","","","","","","",""
"","html-keyboard-response","154","582686","0.0-90.0-1.0","null","<p></p>","null","","","","","","","","","","","","","","","","","","",""
"","do_trial","155","587645","0.0-91.0-0.0","412.30000019073486","","","","50","1,0,0","1","coast","35","probe-179","0.5327197606854454","0.3663674679207871","0.16540954349858147","0","","","","","","","",""
"","html-keyboard-response","156","588647","0.0-91.0-1.0","null","<p></p>","null","","","","","","","","","","","","","","","","","","",""
"","do_trial","157","593595","0.0-92.0-0.0","399.69999980926514","","","","49","1,0,0","1","coast","36","probe-197","0.4735727093357053","0.34550410041144775","0.15515269766238995","1","","","","","","","",""
"","html-keyboard-response","158","594600","0.0-92.0-1.0","null","<p></p>","null","","","","","","","","","","","","","","","","","","",""
"","do_trial","159","599449","0.0-93.0-0.0","299","","","","49","0,0,0","1","coast","37","probe-77","0.5255381896751653","0.3719955364222441","0.13005865097098832","0","","","","","","","",""
"","html-keyboard-response","160","600454","0.0-93.0-1.0","null","<p></p>","null","","","","","","","","","","","","","","","","","","",""
"","do_trial","161","605297","0.0-94.0-0.0","301.19999980926514","","","","49","0,0,0","1","coast","38","probe-88","0.4994536063068417","0.3299223505744647","0.15377477143884904","0","","","","","","","",""
"","html-keyboard-response","162","606301","0.0-94.0-1.0","null","<p></p>","null","","","","","","","","","","","","","","","","","","",""
"","do_trial","163","611138","0.0-95.0-0.0","286.90000009536743","","","","49","0,1,1","1","coast","39","probe-106","0.5988885421065465","0.2812001380912892","0.18596059380039087","0","","","","","","","",""
"","html-keyboard-response","164","612144","0.0-95.0-1.0","null","<p></p>","null","","","","","","","","","","","","","","","","","","",""
"","do_trial","165","617338","0.0-96.0-0.0","640.4000000953674","","","","50","0,1,0","1","coast","40","probe-185","0.5448786282753817","0.29757317166851743","0.23494828636021348","1","","","","","","","",""
"","html-keyboard-response","166","618343","0.0-96.0-1.0","null","<p></p>","null","","","","","","","","","","","","","","","","","","",""
"","do_trial","167","623341","0.0-97.0-0.0","451.80000019073486","","","","51","0,0,0","1","coast","41","probe-41","0.5487829463904013","0.3614763215709435","0.3484459984775543","0","","","","","","","",""
"","html-keyboard-response","168","624346","0.0-97.0-1.0","null","<p></p>","null","","","","","","","","","","","","","","","","","","",""
"","do_trial","169","629460","0.0-98.0-0.0","568.8999996185303","","","","51","1,1,0","1","coast","42","probe-165","0.44779166839235246","0.38499409536996615","0.32493425096051587","0","","","","","","","",""
"","html-keyboard-response","170","630464","0.0-98.0-1.0","null","<p></p>","null","","","","","","","","","","","","","","","","","","",""
"","do_trial","171","635399","0.0-99.0-0.0","394.5","","","","49","0,1,0","1","coast","43","probe-80","0.27610374105539187","0.5091503161155571","0.2842540512721755","0","","","","","","","",""
"","html-keyboard-response","172","636403","0.0-99.0-1.0","null","<p></p>","null","","","","","","","","","","","","","","","","","","",""
"","do_trial","173","641436","0.0-100.0-0.0","484.30000019073486","","","","50","0,1,1","1","coast","44","probe-94","0.39102311683986024","0.4736540615700611","0.2520287610114628","1","","","","","","","",""
"","html-keyboard-response","174","642441","0.0-100.0-1.0","null","<p></p>","null","","","","","","","","","","","","","","","","","","",""
"","do_trial","175","647358","0.0-101.0-0.0","371.30000019073486","","","","50","0,0,0","1","coast","45","probe-173","0.4268994556350472","0.4944329332928071","0.12295951331500313","0","","","","","","","",""
"","html-keyboard-response","176","648362","0.0-101.0-1.0","null","<p></p>","null","","","","","","","","","","","","","","","","","","",""
"","do_trial","177","653256","0.0-102.0-0.0","339.6000003814697","","","","50","0,0,0","1","coast","46","probe-201","0.31133445947219995","0.512264895058205","0.053032605978321525","0","","","","","","","",""
"","html-keyboard-response","178","654260","0.0-102.0-1.0","null","<p></p>","null","","","","","","","","","","","","","","","","","","",""
"","do_trial","179","659195","0.0-103.0-0.0","385.2999997138977","","","","49","0,0,0","1","coast","47","probe-184","0.34125471315125155","0.47906536303261404","0.0868573118505943","0","","","","","","","",""
"","html-keyboard-response","180","660199","0.0-103.0-1.0","null","<p></p>","null","","","","","","","","","","","","","","","","","","",""
"","do_trial","181","665081","0.0-104.0-0.0","336.2999997138977","","","","49","1,1,0","1","coast","48","probe-12","0.3493824754333299","0.5480220832939614","0.06456120355686858","1","","","","","","","",""
"","html-keyboard-response","182","666086","0.0-104.0-1.0","null","<p></p>","null","","","","","","","","","","","","","","","","","","",""
"","do_trial","183","670956","0.0-105.0-0.0","322.80000019073486","","","","50","0,1,0","1","coast","49","probe-107","0.32720192376029744","0.5541337155198709","0.1328701640712648","1","","","","","","","",""
"","html-keyboard-response","184","671960","0.0-105.0-1.0","null","<p></p>","null","","","","","","","","","","","","","","","","","","",""
"","do_trial","185","676785","0.0-106.0-0.0","281.2000002861023","","","","49","0,0,0","1","coast","50","probe-129","0.25612213691484803","0.4820554679109867","0.10305954294695983","0","","","","","","","",""
"","html-keyboard-response","186","677789","0.0-106.0-1.0","null","<p></p>","null","","","","","","","","","","","","","","","","","","",""
"","do_trial","187","682683","0.0-107.0-0.0","349.7000002861023","","","","49","0,1,0","1","coast","51","probe-47","0.17887408858300105","0.5796263085757805","0.1107147965546454","0","","","","","","","",""
"","html-keyboard-response","188","683686","0.0-107.0-1.0","null","<p></p>","null","","","","","","","","","","","","","","","","","","",""
"","do_trial","189","688876","0.0-108.0-0.0","639.8000001907349","","","","50","0,0,1","1","coast","52","probe-54","0.21765997039321786","0.5495759035230001","0.14077618969372682","0","","","","","","","",""
"","html-keyboard-response","190","689880","0.0-108.0-1.0","null","<p></p>","null","","","","","","","","","","","","","","","","","","",""
"","do_trial","191","694745","0.0-109.0-0.0","321.19999980926514","","","","50","0,1,0","1","coast","53","probe-128","0.30167708936912724","0.5966447212723557","0.07489825232677197","1","","","","","","","",""
"","html-keyboard-response","192","695750","0.0-109.0-1.0","null","<p></p>","null","","","","","","","","","","","","","","","","","","",""
"","do_trial","193","700690","0.0-110.0-0.0","396.19999980926514","","","","49","1,0,0","1","coast","54","probe-51","0.3415557948447136","0.6436829885169495","0.13285261089471534","1","","","","","","","",""
"","html-keyboard-response","194","701694","0.0-110.0-1.0","null","<p></p>","null","","","","","","","","","","","","","","","","","","",""
"","do_trial","195","706536","0.0-111.0-0.0","296.30000019073486","","","","49","0,1,0","1","coast","55","probe-199","0.22019597285148812","0.6232020931629948","0.13360045172688778","0","","","","","","","",""
"","html-keyboard-response","196","707540","0.0-111.0-1.0","null","<p></p>","null","","","","","","","","","","","","","","","","","","",""
"","do_trial","197","712666","0.0-112.0-0.0","577.3999996185303","","","","50","0,0,0","1","coast","56","probe-01","0.32562232279466846","0.6249343859460033","0.17619978008868395","0","","","","","","","",""
"","html-keyboard-response","198","713670","0.0-112.0-1.0","null","<p></p>","null","","","","","","","","","","","","","","","","","","",""
"","do_trial","199","719209","0.0-113.0-0.0","992.6999998092651","","","","51","1,1,0","1","coast","57","probe-148","0.3396866903198374","0.7828625098143549","0.20024631701857565","0","","","","","","","",""
"","html-keyboard-response","200","720211","0.0-113.0-1.0","null","<p></p>","null","","","","","","","","","","","","","","","","","","",""
"","do_trial","201","725386","0.0-114.0-0.0","634.3000001907349","","","","49","1,0,1","1","coast","58","probe-157","0.39724690377329763","0.7689092995509006","0.2637466042425928","1","","","","","","","",""
"","html-keyboard-response","202","726390","0.0-114.0-1.0","null","<p></p>","null","","","","","","","","","","","","","","","","","","",""
"","do_trial","203","731266","0.0-115.0-0.0","326.59999990463257","","","","50","0,0,0","1","coast","59","probe-109","0.43879181339437084","0.7100466355699598","0.1678563452123089","0","","","","","","","",""
"","html-keyboard-response","204","732270","0.0-115.0-1.0","null","<p></p>","null","","","","","","","","","","","","","","","","","","",""
"","do_trial","205","737688","0.0-116.0-0.0","872.4000000953674","","","","49","0,1,0","1","coast","60","probe-87","0.3029516040147582","0.6721668842413727","0.1928703664392095","0","","","","","","","",""
"","html-keyboard-response","206","738690","0.0-116.0-1.0","null","<p></p>","null","","","","","","","","","","","","","","","","","","",""
"","do_trial","207","743892","0.0-117.0-0.0","654","","","","49","0,1,0","1","coast","61","probe-53","0.47882394654188104","0.6588840576132247","0.10163140686875195","0","","","","","","","",""
"","html-keyboard-response","208","744896","0.0-117.0-1.0","null","<p></p>","null","","","","","","","","","","","","","","","","","","",""
"","do_trial","209","749732","0.0-118.0-0.0","287.80000019073486","","","","49","0,1,0","1","coast","62","probe-190","0.4291655366931763","0.7886772956495405","0.10622200698088839","0","","","","","","","",""
"","html-keyboard-response","210","750736","0.0-118.0-1.0","null","<p></p>","null","","","","","","","","","","","","","","","","","","",""
"","do_trial","211","755643","0.0-119.0-0.0","358.09999990463257","","","","50","0,1,0","1","coast","63","probe-33","0.4439357485150975","0.7637422310158638","0.15535375972492843","1","","","","","","","",""
"","html-keyboard-response","212","756646","0.0-119.0-1.0","null","<p></p>","null","","","","","","","","","","","","","","","","","","",""
"","do_trial","213","761516","0.0-120.0-0.0","318","","","","50","0,1,1","1","coast","64","probe-25","0.3343623940939537","0.6992622774630236","0.3158411829326741","1","","","","","","","",""
"","html-keyboard-response","214","762521","0.0-120.0-1.0","null","<p></p>","null","","","","","","","","","","","","","","","","","","",""
"","do_trial","215","767444","0.0-121.0-0.0","376.5","","","","49","0,1,0","1","coast","65","probe-155","0.24366259815800476","0.5361760454548242","0.21472807280865983","0","","","","","","","",""
"","html-keyboard-response","216","768447","0.0-121.0-1.0","null","<p></p>","null","","","","","","","","","","","","","","","","","","",""
"","do_trial","217","773499","0.0-122.0-0.0","500.59999990463257","","","","50","0,1,1","1","coast","66","probe-48","0.29688593315399514","0.5808524503036222","0.14504394133237522","1","","","","","","","",""
"","html-keyboard-response","218","774503","0.0-122.0-1.0","null","<p></p>","null","","","","","","","","","","","","","","","","","","",""
"","do_trial","219","779426","0.0-123.0-0.0","374.69999980926514","","","","50","0,1,0","1","coast","67","probe-96","0.35160291364749646","0.6202307290911477","0.0689019685669468","1","","","","","","","",""
"","html-keyboard-response","220","780430","0.0-123.0-1.0","null","<p></p>","null","","","","","","","","","","","","","","","","","","",""
"","do_trial","221","785393","0.0-124.0-0.0","417.90000009536743","","","","49","1,1,0","1","coast","68","probe-79","0.302621143652844","0.6682861379509022","0.19589941019290166","1","","","","","","","",""
"","html-keyboard-response","222","786398","0.0-124.0-1.0","null","<p></p>","null","","","","","","","","","","","","","","","","","","",""
"","do_trial","223","791442","0.0-125.0-0.0","493.90000009536743","","","","50","1,1,1","1","coast","69","probe-162","0.3783949597131187","0.6625633348528579","0.23521731101609228","1","","","","","","","",""
"","html-keyboard-response","224","792446","0.0-125.0-1.0","null","<p></p>","null","","","","","","","","","","","","","","","","","","",""
"","do_bye","225","793952","0.0-126.0-0.0","null","","","","null","","","","","","","","","","","","","","","","",""
"","do_travel","226","799958","0.0-127.0-0.0","null","","","","null","","","","","","","","","","","","","","","","",""
"","do_welcome","227","801462","0.0-127.0-1.0","null","","","","null","","","","","","","","","","","","","","","","",""
"","do_trial","228","807187","0.0-128.0-0.0","1182.8000001907349","","","","50","0,1,0","2","mountain","70","probe-111","0.336784885324838","1","0.09091636177111065","1","","","","","","","",""
"","html-keyboard-response","229","808190","0.0-128.0-1.0","null","<p></p>","null","","","","","","","","","","","","","","","","","","",""
"","do_trial","230","813183","0.0-129.0-0.0","451.5","","","","50","0,1,0","2","mountain","71","probe-67","0.44529193600147543","1","0.1489730398634439","1","","","","","","","",""
"","html-keyboard-response","231","814187","0.0-129.0-1.0","null","<p></p>","null","","","","","","","","","","","","","","","","","","",""
"","do_trial","232","819098","0.0-130.0-0.0","364.5","","","","51","0,1,0","2","mountain","72","probe-215","0.4673418812103423","0.9375358849194995","0.26676051090949165","0","","","","","","","",""
"","html-keyboard-response","233","820102","0.0-130.0-1.0","null","<p></p>","null","","","","","","","","","","","","","","","","","","",""
"","do_trial","234","824949","0.0-131.0-0.0","298.90000009536743","","","","50","1,0,0","2","mountain","73","probe-214","0.37880891524501287","0.7602901938615005","0.3766999848704258","0","","","","","","","",""
"","html-keyboard-response","235","825954","0.0-131.0-1.0","null","<p></p>","null","","","","","","","","","","","","","","","","","","",""
"","do_trial","236","831150","0.0-132.0-0.0","650.4000000953674","","","","49","0,0,0","2","mountain","74","probe-196","0.45771806290179895","0.7655399752871338","0.20464738708004715","0","","","","","","","",""
"","html-keyboard-response","237","832153","0.0-132.0-1.0","null","<p></p>","null","","","","","","","","","","","","","","","","","","",""
"","do_trial","238","837429","0.0-133.0-0.0","724.5999999046326","","","","49","0,1,0","2","mountain","75","probe-63","0.37071013297471617","0.7364963921436463","0.20929239713434314","0","","","","","","","",""
"","html-keyboard-response","239","838432","0.0-133.0-1.0","null","<p></p>","null","","","","","","","","","","","","","","","","","","",""
"","do_trial","240","843265","0.0-134.0-0.0","286.8999996185303","","","","50","0,0,0","2","mountain","76","probe-204","0.24657798133409564","0.7389572365692402","0.07068007607241991","0","","","","","","","",""
"","html-keyboard-response","241","844269","0.0-134.0-1.0","null","<p></p>","null","","","","","","","","","","","","","","","","","","",""
"","do_trial","242","849326","0.0-135.0-0.0","511.5","","","","50","0,1,0","2","mountain","77","probe-149","0.22225418980964265","0.7167861277559847","0.11189831699430097","1","","","","","","","",""
"","html-keyboard-response","243","850330","0.0-135.0-1.0","null","<p></p>","null","","","","","","","","","","","","","","","","","","",""
"","do_trial","244","855142","0.0-136.0-0.0","264.59999990463257","","","","50","0,0,0","2","mountain","78","probe-74","0.3179253240700147","0.6142622806320509","0.11421006283445918","0","","","","","","","",""
"","html-keyboard-response","245","856147","0.0-136.0-1.0","null","<p></p>","null","","","","","","","","","","","","","","","","","","",""
"","do_trial","246","861052","0.0-137.0-0.0","351.90000009536743","","","","50","1,0,0","2","mountain","79","probe-158","0.40581484897305287","0.5977886326879598","0.15155450346218202","0","","","","","","","",""
"","html-keyboard-response","247","862056","0.0-137.0-1.0","null","<p></p>","null","","","","","","","","","","","","","","","","","","",""
"","do_trial","248","866817","0.0-138.0-0.0","211.19999980926514","","","","51","0,0,1","2","mountain","80","probe-121","0.43162651969813776","0.6518373167615399","0.24630376187257377","1","","","","","","","",""
"","html-keyboard-response","249","867821","0.0-138.0-1.0","null","<p></p>","null","","","","","","","","","","","","","","","","","","",""
"","do_trial","250","872570","0.0-139.0-0.0","202.90000009536743","","","","51","0,0,0","2","mountain","81","probe-152","0.32346869136385775","0.6361515207974315","0.19921622197977154","0","","","","","","","",""
"","html-keyboard-response","251","873573","0.0-139.0-1.0","null","<p></p>","null","","","","","","","","","","","","","","","","","","",""
"","do_trial","252","878479","0.0-140.0-0.0","360.2000002861023","","","","51","1,1,0","2","mountain","82","probe-130","0.3071388891869987","0.6269975316812534","0.29229002604096166","0","","","","","","","",""
"","html-keyboard-response","253","879484","0.0-140.0-1.0","null","<p></p>","null","","","","","","","","","","","","","","","","","","",""
"","do_trial","254","884235","0.0-141.0-0.0","206.90000009536743","","","","50","1,0,0","2","mountain","83","probe-124","0.37649801647225334","0.5248429455847333","0.43233966594598033","0","","","","","","","",""
"","html-keyboard-response","255","885239","0.0-141.0-1.0","null","<p></p>","null","","","","","","","","","","","","","","","","","","",""
"","do_trial","256","891523","0.0-142.0-0.0","1737.6999998092651","","","","50","1,0,0","2","mountain","84","probe-132","0.2937168010740321","0.30168914543448716","0.4431760576608699","0","","","","","","","",""
"","html-keyboard-response","257","892528","0.0-142.0-1.0","null","<p></p>","null","","","","","","","","","","","","","","","","","","",""
"","do_trial","258","897404","0.0-143.0-0.0","326.80000019073486","","","","49","0,0,0","2","mountain","85","probe-86","0.2833838767137347","0.2156508579887298","0.3806629471007413","0","","","","","","","",""
"","html-keyboard-response","259","898408","0.0-143.0-1.0","null","<p></p>","null","","","","","","","","","","","","","","","","","","",""
"","do_trial","260","903430","0.0-144.0-0.0","476.2999997138977","","","","49","0,0,0","2","mountain","86","probe-156","0.2798692512673003","0.22911418103821185","0.4041947210004955","0","","","","","","","",""
"","html-keyboard-response","261","904434","0.0-144.0-1.0","null","<p></p>","null","","","","","","","","","","","","","","","","","","",""
"","do_trial","262","909420","0.0-145.0-0.0","441.80000019073486","","","","50","0,0,1","2","mountain","87","probe-61","0.20049626620027663","0.21152576356083583","0.5798830906823724","0","","","","","","","",""
"","html-keyboard-response","263","910425","0.0-145.0-1.0","null","<p></p>","null","","","","","","","","","","","","","","","","","","",""
"","do_trial","264","915272","0.0-146.0-0.0","299.09999990463257","","","","51","0,1,1","2","mountain","88","probe-209","0.1550267918107575","0.28839498542459424","0.6956691634776928","1","","","","","","","",""
"","html-keyboard-response","265","916276","0.0-146.0-1.0","null","<p></p>","null","","","","","","","","","","","","","","","","","","",""
"","do_trial","266","921345","0.0-147.0-0.0","520.9000000953674","","","","51","0,1,1","2","mountain","89","probe-131","0.15372846653334435","0.3944639176186507","0.6593255380293844","1","","","","","","","",""
"","html-keyboard-response","267","922348","0.0-147.0-1.0","null","<p></p>","null","","","","","","","","","","","","","","","","","","",""
"","do_trial","268","927306","0.0-148.0-0.0","410.2000002861023","","","","50","0,1,1","2","mountain","90","probe-24","0.22082070429922546","0.348775647374134","0.6056353506137546","1","","","","","","","",""
"","html-keyboard-response","269","928310","0.0-148.0-1.0","null","<p></p>","null","","","","","","","","","","","","","","","","","","",""
"","do_trial","270","933187","0.0-149.0-0.0","330.5","","","","49","0,0,1","2","mountain","91","probe-127","0.1059284489547176","0.3767461404330211","0.5748542504506697","0","","","","","","","",""
"","html-keyboard-response","271","934193","0.0-149.0-1.0","null","<p></p>","null","","","","","","","","","","","","","","","","","","",""
"","do_trial","272","939271","0.0-150.0-0.0","531.1000003814697","","","","50","0,1,0","2","mountain","92","probe-04","0.05244126807110292","0.4190654029511623","0.5430724758121909","1","","","","","","","",""
"","html-keyboard-response","273","940275","0.0-150.0-1.0","null","<p></p>","null","","","","","","","","","","","","","","","","","","",""
"","do_trial","274","945458","0.0-151.0-0.0","629","","","","50","0,0,1","2","mountain","93","probe-32","0.07885769875334281","0.38796951759433107","0.6731130087983508","0","","","","","","","",""
"","html-keyboard-response","275","946463","0.0-151.0-1.0","null","<p></p>","null","","","","","","","","","","","","","","","","","","",""
"","do_trial","276","951351","0.0-152.0-0.0","346","","","","50","0,1,1","2","mountain","94","probe-78","0.17553863313511664","0.5157303702328534","0.578715918565764","1","","","","","","","",""
"","html-keyboard-response","277","952355","0.0-152.0-1.0","null","<p></p>","null","","","","","","","","","","","","","","","","","","",""
"","do_trial","278","958242","0.0-153.0-0.0","1341","","","","50","0,0,1","2","mountain","95","probe-03","0.10417983011294514","0.4294697873409649","0.602739744578535","0","","","","","","","",""
"","html-keyboard-response","279","959246","0.0-153.0-1.0","null","<p></p>","null","","","","","","","","","","","","","","","","","","",""
"","do_trial","280","964349","0.0-154.0-0.0","554.3000001907349","","","","50","0,0,1","2","mountain","96","probe-75","0.09409845060553496","0.4748291179608606","0.5654013487384953","0","","","","","","","",""
"","html-keyboard-response","281","965353","0.0-154.0-1.0","null","<p></p>","null","","","","","","","","","","","","","","","","","","",""
"","do_trial","282","970206","0.0-155.0-0.0","305.09999990463257","","","","50","1,0,0","2","mountain","97","probe-118","0.1541285154075752","0.3737575610953276","0.6617181623925298","0","","","","","","","",""
"","html-keyboard-response","283","971211","0.0-155.0-1.0","null","<p></p>","null","","","","","","","","","","","","","","","","","","",""
"","do_trial","284","976023","0.0-156.0-0.0","266.7000002861023","","","","50","0,0,1","2","mountain","98","probe-08","0.10524098870874317","0.3752432511210717","0.534875615470426","0","","","","","","","",""
"","html-keyboard-response","285","977027","0.0-156.0-1.0","null","<p></p>","null","","","","","","","","","","","","","","","","","","",""
"","do_trial","286","982008","0.0-157.0-0.0","420","","","","49","0,0,0","2","mountain","99","probe-82","0.1929798053392765","0.2871594222286054","0.6531344492330148","0","","","","","","","",""
"","html-keyboard-response","287","983013","0.0-157.0-1.0","null","<p></p>","null","","","","","","","","","","","","","","","","","","",""
"","do_trial","288","987877","0.0-158.0-0.0","317.80000019073486","","","","51","0,0,1","2","mountain","100","probe-66","0.17819828806941462","0.3838603954588447","0.6144790449212171","1","","","","","","","",""
"","html-keyboard-response","289","988882","0.0-158.0-1.0","null","<p></p>","null","","","","","","","","","","","","","","","","","","",""
"","do_trial","290","993793","0.0-159.0-0.0","362.30000019073486","","","","51","0,1,1","2","mountain","101","probe-71","0.15235963266559613","0.31365061319450904","0.5017477352790657","1","","","","","","","",""
"","html-keyboard-response","291","994797","0.0-159.0-1.0","null","<p></p>","null","","","","","","","","","","","","","","","","","","",""
"","do_trial","292","999656","0.0-160.0-0.0","312.40000009536743","","","","51","0,0,0","2","mountain","102","probe-18","0.11628659397674763","0.34220773608424176","0.5471110380420856","0","","","","","","","",""
"","html-keyboard-response","293","1000660","0.0-160.0-1.0","null","<p></p>","null","","","","","","","","","","","","","","","","","","",""
"","do_trial","294","1005531","0.0-161.0-0.0","323.59999990463257","","","","51","0,0,1","2","mountain","103","probe-115","0.13108621714496357","0.4497867171924206","0.48223895216239554","1","","","","","","","",""
"","html-keyboard-response","295","1006535","0.0-161.0-1.0","null","<p></p>","null","","","","","","","","","","","","","","","","","","",""
"","do_trial","296","1011325","0.0-162.0-0.0","238.09999990463257","","","","51","0,0,0","2","mountain","104","probe-202","0.13409885802870627","0.47930608801110197","0.5254570372278841","0","","","","","","","",""
"","html-keyboard-response","297","1012329","0.0-162.0-1.0","null","<p></p>","null","","","","","","","","","","","","","","","","","","",""
"","do_trial","298","1017548","0.0-163.0-0.0","669.3000001907349","","","","51","0,1,1","2","mountain","105","probe-16","0.19998858567750688","0.42127417332727307","0.528313380909396","1","","","","","","","",""
"","html-keyboard-response","299","1018552","0.0-163.0-1.0","null","<p></p>","null","","","","","","","","","","","","","","","","","","",""
"","do_trial","300","1023439","0.0-164.0-0.0","339.2999997138977","","","","51","1,1,1","2","mountain","106","probe-119","0.2383789864837302","0.4528723739828054","0.48235053913983245","1","","","","","","","",""
"","html-keyboard-response","301","1024444","0.0-164.0-1.0","null","<p></p>","null","","","","","","","","","","","","","","","","","","",""
"","do_trial","302","1029483","0.0-165.0-0.0","497.09999990463257","","","","51","0,0,1","2","mountain","107","probe-171","0.23627572370031968","0.29499591251009644","0.4892948011821337","1","","","","","","","",""
"","html-keyboard-response","303","1030487","0.0-165.0-1.0","null","<p></p>","null","","","","","","","","","","","","","","","","","","",""
"","do_trial","304","1035311","0.0-166.0-0.0","276.19999980926514","","","","51","0,0,1","2","mountain","108","probe-34","0.2202024072592554","0.32250735876032804","0.6309749418596706","1","","","","","","","",""
"","html-keyboard-response","305","1036315","0.0-166.0-1.0","null","<p></p>","null","","","","","","","","","","","","","","","","","","",""
"","do_trial","306","1041221","0.0-167.0-0.0","356.80000019073486","","","","51","1,1,1","2","mountain","109","probe-137","0.14516916196597532","0.3888169291766724","0.5463472344781056","1","","","","","","","",""
"","html-keyboard-response","307","1042225","0.0-167.0-1.0","null","<p></p>","null","","","","","","","","","","","","","","","","","","",""
"","do_bye","308","1043735","0.0-168.0-0.0","null","","","","null","","","","","","","","","","","","","","","","",""
"","do_travel","309","1049737","0.0-169.0-0.0","null","","","","null","","","","","","","","","","","","","","","","",""
"","do_welcome","310","1051246","0.0-169.0-1.0","null","","","","null","","","","","","","","","","","","","","","","",""
"","do_trial","311","1056837","0.0-170.0-0.0","1043.4000000953674","","","","50","0,0,1","3","countryside","110","probe-150","0.25640372998593647","0.27091442469279836","1","0","","","","","","","",""
"","html-keyboard-response","312","1057841","0.0-170.0-1.0","null","<p></p>","null","","","","","","","","","","","","","","","","","","",""
"","do_trial","313","1062874","0.0-171.0-0.0","483.5","","","","51","0,0,1","3","countryside","111","probe-191","0.2842759404079606","0.33268043312504786","1","1","","","","","","","",""
"","html-keyboard-response","314","1063879","0.0-171.0-1.0","null","<p></p>","null","","","","","","","","","","","","","","","","","","",""
"","do_trial","315","1069020","0.0-172.0-0.0","591","","","","51","0,0,1","3","countryside","112","probe-220","0.29944864457059645","0.21521590960162873","0.9221239287548022","1","","","","","","","",""
"","html-keyboard-response","316","1070026","0.0-172.0-1.0","null","<p></p>","null","","","","","","","","","","","","","","","","","","",""
"","do_trial","317","1075560","0.0-173.0-0.0","988.3999996185303","","","","51","0,0,1","3","countryside","113","probe-198","0.2702840591656826","0.19918155773239613","0.9119419635285959","1","","","","","","","",""
"","html-keyboard-response","318","1076563","0.0-173.0-1.0","null","<p></p>","null","","","","","","","","","","","","","","","","","","",""
"","do_trial","319","1081468","0.0-174.0-0.0","359.7000002861023","","","","51","1,0,1","3","countryside","114","probe-30","0.2518952290205222","0.15043460820735602","0.8265831678182949","1","","","","","","","",""
"","html-keyboard-response","320","1082473","0.0-174.0-1.0","null","<p></p>","null","","","","","","","","","","","","","","","","","","",""
"","do_trial","321","1087372","0.0-175.0-0.0","355","","","","51","0,0,1","3","countryside","115","probe-23","0.20874730659802979","0.11351482567489543","0.8221520275537296","1","","","","","","","",""
"","html-keyboard-response","322","1088376","0.0-175.0-1.0","null","<p></p>","null","","","","","","","","","","","","","","","","","","",""
"","do_trial","323","1093549","0.0-176.0-0.0","622.4000000953674","","","","51","1,1,1","3","countryside","116","probe-230","0.14640761760089174","0.3153118405554944","0.7997751858908504","1","","","","","","","",""
"","html-keyboard-response","324","1094553","0.0-176.0-1.0","null","<p></p>","null","","","","","","","","","","","","","","","","","","",""
"","do_trial","325","1099360","0.0-177.0-0.0","261.80000019073486","","","","51","0,0,1","3","countryside","117","probe-14","0.08135826257227693","0.343117190235533","0.8546383109790954","1","","","","","","","",""
"","html-keyboard-response","326","1100366","0.0-177.0-1.0","null","<p></p>","null","","","","","","","","","","","","","","","","","","",""
"","do_trial","327","1105316","0.0-178.0-0.0","400.7999997138977","","","","51","0,0,1","3","countryside","118","probe-211","0.0884742658754939","0.4690201159616872","0.8843625449425947","1","","","","","","","",""
"","html-keyboard-response","328","1106320","0.0-178.0-1.0","null","<p></p>","null","","","","","","","","","","","","","","","","","","",""
"","do_trial","329","1111498","0.0-179.0-0.0","628.4000000953674","","","","51","0,0,1","3","countryside","119","probe-139","0.07249381510022052","0.35397885117100863","0.7366424657669616","1","","","","","","","",""
"","html-keyboard-response","330","1112503","0.0-179.0-1.0","null","<p></p>","null","","","","","","","","","","","","","","","","","","",""
"","do_trial","331","1117439","0.0-180.0-0.0","389.80000019073486","","","","51","0,1,1","3","countryside","120","probe-90","0.07339547224178339","0.39783394172609426","0.737541393571414","1","","","","","","","",""
"","html-keyboard-response","332","1118441","0.0-180.0-1.0","null","<p></p>","null","","","","","","","","","","","","","","","","","","",""
"","do_trial","333","1123237","0.0-181.0-0.0","253.59999990463257","","","","51","0,0,1","3","countryside","121","probe-114","0.16276051558364443","0.36157433344889667","0.6050254152904799","1","","","","","","","",""
"","html-keyboard-response","334","1124241","0.0-181.0-1.0","null","<p></p>","null","","","","","","","","","","","","","","","","","","",""
"","do_trial","335","1128954","0.0-182.0-0.0","166","","","","51","1,0,0","3","countryside","122","probe-134","0.5243912381784445","0.28923865076017197","0.47362225562132415","0","","","","","","","",""
"","html-keyboard-response","336","1129958","0.0-182.0-1.0","null","<p></p>","null","","","","","","","","","","","","","","","","","","",""
"","do_trial","337","1135023","0.0-183.0-0.0","524.6999998092651","","","","51","0,0,1","3","countryside","123","probe-147","0.5990654383436832","0.05906905354879374","0.2525105162214889","1","","","","","","","",""
"","html-keyboard-response","338","1136025","0.0-183.0-1.0","null","<p></p>","null","","","","","","","","","","","","","","","","","","",""
"","do_trial","339","1140843","0.0-184.0-0.0","270.7000002861023","","","","51","0,0,1","3","countryside","124","probe-225","0.5005877819445163","0.1430167561517396","0.3891494344534425","1","","","","","","","",""
"","html-keyboard-response","340","1141848","0.0-184.0-1.0","null","<p></p>","null","","","","","","","","","","","","","","","","","","",""
"","do_trial","341","1146869","0.0-185.0-0.0","472.09999990463257","","","","51","0,1,1","3","countryside","125","probe-59","0.51252585090576","0.26963983274140774","0.35857935521118933","1","","","","","","","",""
"","html-keyboard-response","342","1147874","0.0-185.0-1.0","null","<p></p>","null","","","","","","","","","","","","","","","","","","",""
"","do_trial","343","1153069","0.0-186.0-0.0","648.8000001907349","","","","51","0,0,0","3","countryside","126","probe-46","0.6588901417388747","0.1582710006590462","0.2767117411637744","0","","","","","","","",""
"","html-keyboard-response","344","1154073","0.0-186.0-1.0","null","<p></p>","null","","","","","","","","","","","","","","","","","","",""
"","do_trial","345","1159780","0.0-187.0-0.0","1159.1000003814697","","","","51","0,0,0","3","countryside","127","probe-195","0.6140912759060048","0.2573664321588089","0.38688769245778704","0","","","","","","","",""
"","html-keyboard-response","346","1160784","0.0-187.0-1.0","null","<p></p>","null","","","","","","","","","","","","","","","","","","",""
"","do_trial","347","1165927","0.0-188.0-0.0","596.8999996185303","","","","51","1,0,0","3","countryside","128","probe-110","0.7489532703034197","0.2328732964340529","0.3412744870209971","0","","","","","","","",""
"","html-keyboard-response","348","1166932","0.0-188.0-1.0","null","<p></p>","null","","","","","","","","","","","","","","","","","","",""
"","do_trial","349","1171756","0.0-189.0-0.0","279.2000002861023","","","","51","1,0,0","3","countryside","129","probe-62","0.658493563068034","0.29413368414611596","0.3082498296330894","0","","","","","","","",""
"","html-keyboard-response","350","1172760","0.0-189.0-1.0","null","<p></p>","null","","","","","","","","","","","","","","","","","","",""
"","do_trial","351","1178025","0.0-190.0-0.0","715.9000000953674","","","","51","1,1,1","3","countryside","130","probe-142","0.5716145146178707","0.31635384496355945","0.3389239238594874","1","","","","","","","",""
"","html-keyboard-response","352","1179030","0.0-190.0-1.0","null","<p></p>","null","","","","","","","","","","","","","","","","","","",""
"","do_trial","353","1183866","0.0-191.0-0.0","289.90000009536743","","","","51","1,1,1","3","countryside","131","probe-210","0.6312222744282066","0.272897627858495","0.2942061240295963","1","","","","","","","",""
"","html-keyboard-response","354","1184867","0.0-191.0-1.0","null","<p></p>","null","","","","","","","","","","","","","","","","","","",""
"","do_trial","355","1189722","0.0-192.0-0.0","309.59999990463257","","","","51","1,1,0","3","countryside","132","probe-72","0.651531252896701","0.3620183773791257","0.4070469330591615","0","","","","","","","",""
"","html-keyboard-response","356","1190727","0.0-192.0-1.0","null","<p></p>","null","","","","","","","","","","","","","","","","","","",""
"","do_trial","357","1195934","0.0-193.0-0.0","657.5999999046326","","","","51","0,0,0","3","countryside","133","probe-221","0.6783623164521907","0.17982221809434384","0.5093122834012066","0","","","","","","","",""
"","html-keyboard-response","358","1196939","0.0-193.0-1.0","null","<p></p>","null","","","","","","","","","","","","","","","","","","",""
"","do_trial","359","1201862","0.0-194.0-0.0","378.40000009536743","","","","51","1,1,0","3","countryside","134","probe-69","0.5307225358953808","0.11682803914563383","0.5024838533181557","0","","","","","","","",""
"","html-keyboard-response","360","1202866","0.0-194.0-1.0","null","<p></p>","null","","","","","","","","","","","","","","","","","","",""
"","do_trial","361","1207862","0.0-195.0-0.0","448.3999996185303","","","","51","0,0,0","3","countryside","135","probe-227","0.7386420219024109","0.08775375619923603","0.5948118383696803","0","","","","","","","",""
"","html-keyboard-response","362","1208868","0.0-195.0-1.0","null","<p></p>","null","","","","","","","","","","","","","","","","","","",""
"","do_trial","363","1214281","0.0-196.0-0.0","865.2000002861023","","","","50","1,0,0","3","countryside","136","probe-10","0.7737980791849342","0.05723946407251428","0.48626398184327374","0","","","","","","","",""
"","html-keyboard-response","364","1215283","0.0-196.0-1.0","null","<p></p>","null","","","","","","","","","","","","","","","","","","",""
"","do_trial","365","1220595","0.0-197.0-0.0","766.2000002861023","","","","49","0,0,1","3","countryside","137","probe-35","0.7335003611068076","0.11558276852949341","0.34642056293513646","0","","","","","","","",""
"","html-keyboard-response","366","1221599","0.0-197.0-1.0","null","<p></p>","null","","","","","","","","","","","","","","","","","","",""
"","do_trial","367","1226847","0.0-198.0-0.0","698.1000003814697","","","","50","1,0,0","3","countryside","138","probe-56","0.6452078334509913","0.18435890268171765","0.23488916747609853","0","","","","","","","",""
"","html-keyboard-response","368","1227851","0.0-198.0-1.0","null","<p></p>","null","","","","","","","","","","","","","","","","","","",""
"","do_trial","369","1232786","0.0-199.0-0.0","386.2000002861023","","","","51","1,0,0","3","countryside","139","probe-187","0.5287499245562919","0.13274730984997013","0.30208228282942967","0","","","","","","","",""
"","html-keyboard-response","370","1233789","0.0-199.0-1.0","null","<p></p>","null","","","","","","","","","","","","","","","","","","",""
"","do_trial","371","1238718","0.0-200.0-0.0","381.30000019073486","","","","51","1,0,1","3","countryside","140","probe-208","0.4801442537780142","0.10829043285295037","0.22416302387605894","1","","","","","","","",""
"","html-keyboard-response","372","1239723","0.0-200.0-1.0","null","<p></p>","null","","","","","","","","","","","","","","","","","","",""
"","do_trial","373","1244942","0.0-201.0-0.0","673.9000000953674","","","","51","0,0,0","3","countryside","141","probe-193","0.5625849038381944","0.06706682761008063","0.3909027532716541","0","","","","","","","",""
"","html-keyboard-response","374","1245946","0.0-201.0-1.0","null","<p></p>","null","","","","","","","","","","","","","","","","","","",""
"","do_trial","375","1251279","0.0-202.0-0.0","790.0999999046326","","","","51","0,0,0","3","countryside","142","probe-183","0.6232287615793946","0.2085548896691457","0.3710394716322291","0","","","","","","","",""
"","html-keyboard-response","376","1252285","0.0-202.0-1.0","null","<p></p>","null","","","","","","","","","","","","","","","","","","",""
"","do_trial","377","1257335","0.0-203.0-0.0","500.30000019073486","","","","51","0,0,1","3","countryside","143","probe-161","0.5337315856690916","0.2018398437191569","0.4424097766219641","1","","","","","","","",""
"","html-keyboard-response","378","1258340","0.0-203.0-1.0","null","<p></p>","null","","","","","","","","","","","","","","","","","","",""
"","do_trial","379","1263373","0.0-204.0-0.0","483.6000003814697","","","","51","1,0,1","3","countryside","144","probe-178","0.46759883870369523","0.16660464694112004","0.5773546289452789","1","","","","","","","",""
"","html-keyboard-response","380","1264377","0.0-204.0-1.0","null","<p></p>","null","","","","","","","","","","","","","","","","","","",""
"","do_trial","381","1269312","0.0-205.0-0.0","385.80000019073486","","","","51","0,0,1","3","countryside","145","probe-143","0.4183869745464736","0.14920920080778557","0.5261146457897066","1","","","","","","","",""
"","html-keyboard-response","382","1270316","0.0-205.0-1.0","null","<p></p>","null","","","","","","","","","","","","","","","","","","",""
"","do_trial","383","1275645","0.0-206.0-0.0","783.6999998092651","","","","51","1,1,1","3","countryside","146","probe-22","0.4538084756033828","0.1943617273902118","0.4571977574298672","1","","","","","","","",""
"","html-keyboard-response","384","1276650","0.0-206.0-1.0","null","<p></p>","null","","","","","","","","","","","","","","","","","","",""
"","do_trial","385","1281468","0.0-207.0-0.0","268.40000009536743","","","","51","1,0,1","3","countryside","147","probe-95","0.6725563240598588","0.09830924398786138","0.39429901969095676","1","","","","","","","",""
"","html-keyboard-response","386","1282472","0.0-207.0-1.0","null","<p></p>","null","","","","","","","","","","","","","","","","","","",""
"","do_trial","387","1287795","0.0-208.0-0.0","776.4000000953674","","","","51","0,0,0","3","countryside","148","probe-192","0.7336588320710924","0.057663252890725276","0.17954935658560725","0","","","","","","","",""
"","html-keyboard-response","388","1288800","0.0-208.0-1.0","null","<p></p>","null","","","","","","","","","","","","","","","","","","",""
"","do_trial","389","1294657","0.0-209.0-0.0","1307.9000000953674","","","","51","1,0,0","3","countryside","149","probe-09","0.701619480443307","0.06179990621739039","0.3182337085434454","0","","","","","","","",""
"","html-keyboard-response","390","1295661","0.0-209.0-1.0","null","<p></p>","null","","","","","","","","","","","","","","","","","","",""
"","do_bye","391","1297171","0.0-210.0-0.0","null","","","","null","","","","","","","","","","","","","","","","",""
"","do_travel","392","1303173","0.0-211.0-0.0","null","","","","null","","","","","","","","","","","","","","","","",""
"","do_welcome","393","1304682","0.0-211.0-1.0","null","","","","null","","","","","","","","","","","","","","","","",""
"","do_trial","394","1311498","0.0-212.0-0.0","2269.5","","","","51","1,0,0","4","highway","150","probe-89","1","0.059596378788666804","0.3071613714802326","0","","","","","","","",""
"","html-keyboard-response","395","1312502","0.0-212.0-1.0","null","<p></p>","null","","","","","","","","","","","","","","","","","","",""
"","do_trial","396","1317894","0.0-213.0-0.0","843.5999999046326","","","","51","1,0,0","4","highway","151","probe-189","1","0.05559034673958951","0.3936019377933757","0","","","","","","","",""
"","html-keyboard-response","397","1318899","0.0-213.0-1.0","null","<p></p>","null","","","","","","","","","","","","","","","","","","",""
"","do_trial","398","1324095","0.0-214.0-0.0","645.5999999046326","","","","51","1,0,0","4","highway","152","probe-194","0.8622446511058003","0.11408898166610187","0.36356450307741944","0","","","","","","","",""
"","html-keyboard-response","399","1325099","0.0-214.0-1.0","null","<p></p>","null","","","","","","","","","","","","","","","","","","",""
"","do_trial","400","1330219","0.0-215.0-0.0","571.6000003814697","","","","51","1,1,0","4","highway","153","probe-112","0.617197051561741","0.15295439237187974","0.3271983509799638","0","","","","","","","",""
"","html-keyboard-response","401","1331224","0.0-215.0-1.0","null","<p></p>","null","","","","","","","","","","","","","","","","","","",""
"","do_trial","402","1336210","0.0-216.0-0.0","440.90000009536743","","","","50","1,1,0","4","highway","154","probe-13","0.8191119715421209","0.19491797337223013","0.3746663899163012","1","","","","","","","",""
"","html-keyboard-response","403","1337215","0.0-216.0-1.0","null","<p></p>","null","","","","","","","","","","","","","","","","","","",""
"","do_trial","404","1342352","0.0-217.0-0.0","593.3000001907349","","","","50","1,0,1","4","highway","155","probe-21","0.8527852539051254","0.18224022683159943","0.4882321710648952","0","","","","","","","",""
"","html-keyboard-response","405","1343357","0.0-217.0-1.0","null","<p></p>","null","","","","","","","","","","","","","","","","","","",""
"","do_trial","406","1348506","0.0-218.0-0.0","603.5999999046326","","","","50","1,0,0","4","highway","156","probe-68","0.8528980501895612","0.23474239833288707","0.3894928128116695","0","","","","","","","",""
"","html-keyboard-response","407","1349510","0.0-218.0-1.0","null","<p></p>","null","","","","","","","","","","","","","","","","","","",""
"","do_trial","408","1354785","0.0-219.0-0.0","727","","","","50","1,0,1","4","highway","157","probe-52","0.920041499115002","0.2579062573220867","0.3680290964082122","0","","","","","","","",""
"","html-keyboard-response","409","1355787","0.0-219.0-1.0","null","<p></p>","null","","","","","","","","","","","","","","","","","","",""
"","do_trial","410","1360447","0.0-220.0-0.0","114.40000009536743","","","","49","1,0,0","4","highway","158","probe-07","0.7769470676967515","0.1860660863839182","0.18021309836236682","1","","","","","","","",""
"","html-keyboard-response","411","1361451","0.0-220.0-1.0","null","<p></p>","null","","","","","","","","","","","","","","","","","","",""
"","do_trial","412","1366310","0.0-221.0-0.0","318.19999980926514","","","","49","1,0,0","4","highway","159","probe-146","0.5258268737106354","0.09861242481304987","0.26866089955185973","1","","","","","","","",""
"","html-keyboard-response","413","1367314","0.0-221.0-1.0","null","<p></p>","null","","","","","","","","","","","","","","","","","","",""
"","do_trial","414","1372162","0.0-222.0-0.0","298.1000003814697","","","","49","1,0,0","4","highway","160","probe-50","0.6101505075505455","0.060902443740299905","0.3854285654514671","1","","","","","","","",""
"","html-keyboard-response","415","1373166","0.0-222.0-1.0","null","<p></p>","null","","","","","","","","","","","","","","","","","","",""
"","do_trial","416","1378402","0.0-223.0-0.0","688.0999999046326","","","","49","1,0,0","4","highway","161","probe-217","0.4852036788797504","0.07424374207266883","0.34345730795894364","1","","","","","","","",""
"","html-keyboard-response","417","1379407","0.0-223.0-1.0","null","<p></p>","null","","","","","","","","","","","","","","","","","","",""
"","do_trial","418","1386460","0.0-224.0-0.0","2500.2999997138977","","","","49","1,1,1","4","highway","162","probe-99","0.5133090073295553","0.12712750438388024","0.47881842350020154","1","","","","","","","",""
"","html-keyboard-response","419","1387464","0.0-224.0-1.0","null","<p></p>","null","","","","","","","","","","","","","","","","","","",""
"","do_trial","420","1392363","0.0-225.0-0.0","358","","","","49","0,0,0","4","highway","163","probe-219","0.4935628471810264","0.06826917618108778","0.6349033338987348","0","","","","","","","",""
"","html-keyboard-response","421","1393368","0.0-225.0-1.0","null","<p></p>","null","","","","","","","","","","","","","","","","","","",""
"","do_trial","422","1398471","0.0-226.0-0.0","554.3999996185303","","","","49","1,0,1","4","highway","164","probe-49","0.4240954568354491","0.14422917899188886","0.7497979512219811","1","","","","","","","",""
"","html-keyboard-response","423","1399475","0.0-226.0-1.0","null","<p></p>","null","","","","","","","","","","","","","","","","","","",""
"","do_trial","424","1404750","0.0-227.0-0.0","727.3999996185303","","","","49","1,1,1","4","highway","165","probe-97","0.4583951174660203","0.13214663797787798","0.6845169246392259","1","","","","","","","",""
"","html-keyboard-response","425","1405756","0.0-227.0-1.0","null","<p></p>","null","","","","","","","","","","","","","","","","","","",""
"","do_trial","426","1410778","0.0-228.0-0.0","476.59999990463257","","","","49","1,0,1","4","highway","166","probe-17","0.37043058631342873","0.06266173593939926","0.6114693518912033","1","","","","","","","",""
"","html-keyboard-response","427","1411782","0.0-228.0-1.0","null","<p></p>","null","","","","","","","","","","","","","","","","","","",""
"","do_trial","428","1417026","0.0-229.0-0.0","698","","","","49","0,1,1","4","highway","167","probe-216","0.2631740020069599","0.2641517903304061","0.7157284052801393","0","","","","","","","",""
"","html-keyboard-response","429","1418028","0.0-229.0-1.0","null","<p></p>","null","","","","","","","","","","","","","","","","","","",""
"","do_trial","430","1423191","0.0-230.0-0.0","616.7999997138977","","","","49","1,0,1","4","highway","168","probe-28","0.42900659204064584","0.11153932386174735","0.7108124089999649","1","","","","","","","",""
"","html-keyboard-response","431","1424193","0.0-230.0-1.0","null","<p></p>","null","","","","","","","","","","","","","","","","","","",""
"","do_trial","432","1430173","0.0-231.0-0.0","1435.2000002861023","","","","49","1,0,0","4","highway","169","probe-27","0.3859749248661634","0.1405127333656705","0.7808749319897287","1","","","","","","","",""
"","html-keyboard-response","433","1431177","0.0-231.0-1.0","null","<p></p>","null","","","","","","","","","","","","","","","","","","",""
"","do_trial","434","1436216","0.0-232.0-0.0","488","","","","49","1,0,0","4","highway","170","probe-42","0.3833470187009185","0.12786875011265353","0.7579117924142774","1","","","","","","","",""
"","html-keyboard-response","435","1437220","0.0-232.0-1.0","null","<p></p>","null","","","","","","","","","","","","","","","","","","",""
"","do_trial","436","1442843","0.0-233.0-0.0","1078.9000000953674","","","","49","0,0,1","4","highway","171","probe-151","0.32664186269330286","0.18593622728287082","0.6126291489195215","0","","","","","","","",""
"","html-keyboard-response","437","1443849","0.0-233.0-1.0","null","<p></p>","null","","","","","","","","","","","","","","","","","","",""
"","do_trial","438","1449086","0.0-234.0-0.0","686.3000001907349","","","","49","0,0,1","4","highway","172","probe-43","0.22852885297797365","0.11837947794176185","0.5682209651003539","0","","","","","","","",""
"","html-keyboard-response","439","1450090","0.0-234.0-1.0","null","<p></p>","null","","","","","","","","","","","","","","","","","","",""
"","do_trial","440","1455251","0.0-235.0-0.0","611","","","","49","1,0,1","4","highway","173","probe-65","0.4250734101589395","0.096373401824504","0.36265510992222033","1","","","","","","","",""
"","html-keyboard-response","441","1456255","0.0-235.0-1.0","null","<p></p>","null","","","","","","","","","","","","","","","","","","",""
"","do_trial","442","1461927","0.0-236.0-0.0","1125.0999999046326","","","","49","1,0,1","4","highway","174","probe-36","0.365022255832224","0.2930881507387348","0.5311047729264057","1","","","","","","","",""
"","html-keyboard-response","443","1462931","0.0-236.0-1.0","null","<p></p>","null","","","","","","","","","","","","","","","","","","",""
"","do_trial","444","1469091","0.0-237.0-0.0","1615.6000003814697","","","","49","0,0,0","4","highway","175","probe-55","0.2707517223748731","0.06542221925211615","0.5515136198817272","0","","","","","","","",""
"","html-keyboard-response","445","1470095","0.0-237.0-1.0","null","<p></p>","null","","","","","","","","","","","","","","","","","","",""
"","do_trial","446","1475354","0.0-238.0-0.0","714.6000003814697","","","","49","1,0,0","4","highway","176","probe-166","0.14884565167103841","0.11012098296186824","0.6524880726873091","1","","","","","","","",""
"","html-keyboard-response","447","1476359","0.0-238.0-1.0","null","<p></p>","null","","","","","","","","","","","","","","","","","","",""
"","do_trial","448","1481699","0.0-239.0-0.0","793.3000001907349","","","","49","0,0,0","4","highway","177","probe-136","0.1409261501132901","0.0858633517137385","0.6026303487132527","0","","","","","","","",""
"","html-keyboard-response","449","1482703","0.0-239.0-1.0","null","<p></p>","null","","","","","","","","","","","","","","","","","","",""
"","do_trial","450","1488079","0.0-240.0-0.0","831.7999997138977","","","","49","0,1,1","4","highway","178","probe-140","0.2088824514393583","0.12158840647375983","0.5057902916962808","0","","","","","","","",""
"","html-keyboard-response","451","1489084","0.0-240.0-1.0","null","<p></p>","null","","","","","","","","","","","","","","","","","","",""
"","do_trial","452","1494198","0.0-241.0-0.0","566.5","","","","49","1,0,0","4","highway","179","probe-164","0.2910673760895595","0.13426141708490474","0.6049586722102066","1","","","","","","","",""
"","html-keyboard-response","453","1495202","0.0-241.0-1.0","null","<p></p>","null","","","","","","","","","","","","","","","","","","",""
"","do_trial","454","1500380","0.0-242.0-0.0","637","","","","49","0,0,1","4","highway","180","probe-38","0.39007424648684286","0.19384339397856962","0.6057518449350657","0","","","","","","","",""
"","html-keyboard-response","455","1501385","0.0-242.0-1.0","null","<p></p>","null","","","","","","","","","","","","","","","","","","",""
"","do_trial","456","1506632","0.0-243.0-0.0","699.3000001907349","","","","49","1,0,1","4","highway","181","probe-186","0.4575321386716985","0.17626014436920648","0.4590263325870851","1","","","","","","","",""
"","html-keyboard-response","457","1507637","0.0-243.0-1.0","null","<p></p>","null","","","","","","","","","","","","","","","","","","",""
"","do_trial","458","1512704","0.0-244.0-0.0","521.5999999046326","","","","49","1,0,0","4","highway","182","probe-91","0.32448833667957055","0.05824847583030168","0.5230826312179679","1","","","","","","","",""
"","html-keyboard-response","459","1513709","0.0-244.0-1.0","null","<p></p>","null","","","","","","","","","","","","","","","","","","",""
"","do_trial","460","1519132","0.0-245.0-0.0","878.1000003814697","","","","49","0,1,1","4","highway","183","probe-135","0.16080738481125612","0.15252834281064695","0.5897007195697399","0","","","","","","","",""
"","html-keyboard-response","461","1520135","0.0-245.0-1.0","null","<p></p>","null","","","","","","","","","","","","","","","","","","",""
"","do_trial","462","1525523","0.0-246.0-0.0","840.5999999046326","","","","49","0,0,1","4","highway","184","probe-70","0.16741523678222564","0.21208764736481794","0.6347545857750769","0","","","","","","","",""
"","html-keyboard-response","463","1526526","0.0-246.0-1.0","null","<p></p>","null","","","","","","","","","","","","","","","","","","",""
"","do_trial","464","1531504","0.0-247.0-0.0","428.59999990463257","","","","49","0,1,0","4","highway","185","probe-207","0.11304550594027767","0.13904297105225932","0.6630570461026276","0","","","","","","","",""
"","html-keyboard-response","465","1532509","0.0-247.0-1.0","null","<p></p>","null","","","","","","","","","","","","","","","","","","",""
"","do_trial","466","1537801","0.0-248.0-0.0","743.5","","","","49","0,0,1","4","highway","186","probe-83","0.1385522859714557","0.1715401292851683","0.6958772488750802","0","","","","","","","",""
"","html-keyboard-response","467","1538805","0.0-248.0-1.0","null","<p></p>","null","","","","","","","","","","","","","","","","","","",""
"","do_trial","468","1543873","0.0-249.0-0.0","520.5","","","","50","0,1,1","4","highway","187","probe-84","0.2703776629341524","0.05860959635364191","0.5726900105317351","1","","","","","","","",""
"","html-keyboard-response","469","1544877","0.0-249.0-1.0","null","<p></p>","null","","","","","","","","","","","","","","","","","","",""
"","do_trial","470","1549922","0.0-250.0-0.0","498.19999980926514","","","","50","0,0,1","4","highway","188","probe-40","0.33810773698546237","0.06910951389042863","0.48786657594556887","0","","","","","","","",""
"","html-keyboard-response","471","1550926","0.0-250.0-1.0","null","<p></p>","null","","","","","","","","","","","","","","","","","","",""
"","do_trial","472","1555860","0.0-251.0-0.0","383.69999980926514","","","","51","1,1,1","4","highway","189","probe-20","0.22036629679530187","0.09602868930434863","0.5779623333895624","1","","","","","","","",""
"","html-keyboard-response","473","1556865","0.0-251.0-1.0","null","<p></p>","null","","","","","","","","","","","","","","","","","","",""
"","do_bye","474","1558373","0.0-252.0-0.0","null","","","","null","","","","","","","","","","","","","","","","",""
"","do_travel","475","1564377","0.0-253.0-0.0","null","","","","null","","","","","","","","","","","","","","","","",""
"","do_welcome","476","1565886","0.0-253.0-1.0","null","","","","null","","","","","","","","","","","","","","","","",""
"","do_trial","477","1571070","0.0-254.0-0.0","637.4000000953674","","","","50","1,0,1","5","city","190","probe-170","0.27024546536228417","0.09710646160710125","1","0","","","","","","","",""
"","html-keyboard-response","478","1572074","0.0-254.0-1.0","null","<p></p>","null","","","","","","","","","","","","","","","","","","",""
"","do_trial","479","1577165","0.0-255.0-0.0","541.4000000953674","","","","50","1,0,1","5","city","191","probe-02","0.3016674439535581","0.052103708408694924","1","0","","","","","","","",""
"","html-keyboard-response","480","1578169","0.0-255.0-1.0","null","<p></p>","null","","","","","","","","","","","","","","","","","","",""
"","do_trial","481","1584456","0.0-256.0-0.0","1739","","","","50","1,0,0","5","city","192","probe-174","0.25131579712907454","0.09096882159292663","0.7912600764878814","0","","","","","","","",""
"","html-keyboard-response","482","1585461","0.0-256.0-1.0","null","<p></p>","null","","","","","","","","","","","","","","","","","","",""
"","do_trial","483","1591051","0.0-257.0-0.0","1046.9000000953674","","","","50","1,0,1","5","city","193","probe-180","0.2200145430451812","0.259835269047497","0.7516552167467958","0","","","","","","","",""
"","html-keyboard-response","484","1592056","0.0-257.0-1.0","null","<p></p>","null","","","","","","","","","","","","","","","","","","",""
"","do_trial","485","1597344","0.0-258.0-0.0","742.5999999046326","","","","49","1,0,0","5","city","194","probe-175","0.29968281144739817","0.15946292659950212","0.7717709906451122","1","","","","","","","",""
"","html-keyboard-response","486","1598348","0.0-258.0-1.0","null","<p></p>","null","","","","","","","","","","","","","","","","","","",""
"","do_trial","487","1604885","0.0-259.0-0.0","1986.8000001907349","","","","49","0,0,1","5","city","195","probe-26","0.28210633135343216","0.14982143029505965","0.7200074401993776","0","","","","","","","",""
"","html-keyboard-response","488","1605889","0.0-259.0-1.0","null","<p></p>","null","","","","","","","","","","","","","","","","","","",""
"","do_trial","489","1611480","0.0-260.0-0.0","1043.9000000953674","","","","49","1,0,1","5","city","196","probe-182","0.229348485937627","0.2188435114614179","0.5407344184696808","1","","","","","","","",""
"","html-keyboard-response","490","1612484","0.0-260.0-1.0","null","<p></p>","null","","","","","","","","","","","","","","","","","","",""
"","do_trial","491","1617447","0.0-261.0-0.0","416.80000019073486","","","","49","1,0,1","5","city","197","probe-145","0.3064155928064601","0.2158977740484369","0.7239700395344875","1","","","","","","","",""
"","html-keyboard-response","492","1618451","0.0-261.0-1.0","null","<p></p>","null","","","","","","","","","","","","","","","","","","",""
"","do_trial","493","1623775","0.0-262.0-0.0","779.5999999046326","","","","49","1,0,0","5","city","198","probe-123","0.24068792963032132","0.15641321273544956","0.6232214191658079","1","","","","","","","",""
"","html-keyboard-response","494","1624779","0.0-262.0-1.0","null","<p></p>","null","","","","","","","","","","","","","","","","","","",""
"","do_trial","495","1630050","0.0-263.0-0.0","723.6999998092651","","","","49","0,1,1","5","city","199","probe-31","0.25260250780883264","0.15509601384397292","0.8216635180579519","0","","","","","","","",""
"","html-keyboard-response","496","1631054","0.0-263.0-1.0","null","<p></p>","null","","","","","","","","","","","","","","","","","","",""
"","do_trial","497","1636117","0.0-264.0-0.0","516.8000001907349","","","","50","0,0,0","5","city","200","probe-177","0.22879131877658943","0.157211995833975","0.8071891517008085","0","","","","","","","",""
"","html-keyboard-response","498","1637121","0.0-264.0-1.0","null","<p></p>","null","","","","","","","","","","","","","","","","","","",""
"","do_trial","499","1642107","0.0-265.0-0.0","438.7999997138977","","","","49","0,0,0","5","city","201","probe-116","0.29595621240366426","0.20712859171841913","0.7577923159694442","0","","","","","","","",""
"","html-keyboard-response","500","1643111","0.0-265.0-1.0","null","<p></p>","null","","","","","","","","","","","","","","","","","","",""
"","do_trial","501","1649562","0.0-266.0-0.0","1901.4000000953674","","","","49","0,1,1","5","city","202","probe-102","0.35983327289131806","0.21707520143540618","0.5188182121050847","0","","","","","","","",""
"","html-keyboard-response","502","1650566","0.0-266.0-1.0","null","<p></p>","null","","","","","","","","","","","","","","","","","","",""
"","do_trial","503","1656824","0.0-267.0-0.0","1710.7999997138977","","","","49","0,0,0","5","city","203","probe-85","0.3616441693169414","0.3146135851089815","0.4187978419255589","0","","","","","","","",""
"","html-keyboard-response","504","1657828","0.0-267.0-1.0","null","<p></p>","null","","","","","","","","","","","","","","","","","","",""
"","do_trial","505","1663215","0.0-268.0-0.0","842.1999998092651","","","","49","0,0,1","5","city","204","probe-103","0.4282236633182499","0.18935883162759123","0.4755050144367879","0","","","","","","","",""
"","html-keyboard-response","506","1664219","0.0-268.0-1.0","null","<p></p>","null","","","","","","","","","","","","","","","","","","",""
"","do_trial","507","1669618","0.0-269.0-0.0","856.9000000953674","","","","50","1,0,0","5","city","205","probe-19","0.41044001335681446","0.23948384628127492","0.4448401036376821","0","","","","","","","",""
"","html-keyboard-response","508","1670623","0.0-269.0-1.0","null","<p></p>","null","","","","","","","","","","","","","","","","","","",""
"","do_trial","509","1676004","0.0-270.0-0.0","831","","","","51","1,0,0","5","city","206","probe-160","0.5105039868147054","0.17253463818647893","0.2818415859225553","0","","","","","","","",""
"","html-keyboard-response","510","1677008","0.0-270.0-1.0","null","<p></p>","null","","","","","","","","","","","","","","","","","","",""
"","do_trial","511","1682546","0.0-271.0-0.0","988.7999997138977","","","","49","1,0,0","5","city","207","probe-222","0.5723547350406745","0.12308959418815846","0.28822091004272204","1","","","","","","","",""
"","html-keyboard-response","512","1683550","0.0-271.0-1.0","null","<p></p>","null","","","","","","","","","","","","","","","","","","",""
"","do_trial","513","1688692","0.0-272.0-0.0","594.1999998092651","","","","49","0,1,0","5","city","208","probe-15","0.49324928227885995","0.07415843824030585","0.2067252438143287","0","","","","","","","",""
"","html-keyboard-response","514","1689698","0.0-272.0-1.0","null","<p></p>","null","","","","","","","","","","","","","","","","","","",""
"","do_trial","515","1695670","0.0-273.0-0.0","1426.9000000953674","","","","49","1,0,0","5","city","209","probe-169","0.4616776491140909","0.1404149630353478","0.16568065040552304","1","","","","","","","",""
"","html-keyboard-response","516","1696676","0.0-273.0-1.0","null","<p></p>","null","","","","","","","","","","","","","","","","","","",""
"","do_trial","517","1701837","0.0-274.0-0.0","607.9000000953674","","","","49","1,0,0","5","city","210","probe-159","0.5777789348774877","0.19884663413057457","0.19920795583072207","1","","","","","","","",""
"","html-keyboard-response","518","1702841","0.0-274.0-1.0","null","<p></p>","null","","","","","","","","","","","","","","","","","","",""
"","do_trial","519","1708224","0.0-275.0-0.0","836.3000001907349","","","","49","0,0,1","5","city","211","probe-223","0.6285771605135145","0.26010810828740427","0.28485216460426127","0","","","","","","","",""
"","html-keyboard-response","520","1709227","0.0-275.0-1.0","null","<p></p>","null","","","","","","","","","","","","","","","","","","",""
"","do_trial","521","1713948","0.0-276.0-0.0","180.7000002861023","","","","50","0,0,1","5","city","212","probe-203","0.6038763291878465","0.19789845819389829","0.3151373403460169","0","","","","","","","",""
"","html-keyboard-response","522","1714951","0.0-276.0-1.0","null","<p></p>","null","","","","","","","","","","","","","","","","","","",""
"","do_trial","523","1720663","0.0-277.0-0.0","1166.3000001907349","","","","49","1,0,1","5","city","213","probe-163","0.5884852140844455","0.1543107258326687","0.35911363449941647","1","","","","","","","",""
"","html-keyboard-response","524","1721667","0.0-277.0-1.0","null","<p></p>","null","","","","","","","","","","","","","","","","","","",""
"","do_trial","525","1726718","0.0-278.0-0.0","496.90000009536743","","","","49","1,0,0","5","city","214","probe-73","0.45894031729976165","0.0979231454246484","0.34959779883800574","1","","","","","","","",""
"","html-keyboard-response","526","1727722","0.0-278.0-1.0","null","<p></p>","null","","","","","","","","","","","","","","","","","","",""
"","do_trial","527","1733005","0.0-279.0-0.0","740.4000000953674","","","","49","0,0,1","5","city","215","probe-181","0.39727488567989566","0.05802956602760318","0.32047130067450186","0","","","","","","","",""
"","html-keyboard-response","528","1734009","0.0-279.0-1.0","null","<p></p>","null","","","","","","","","","","","","","","","","","","",""
"","do_trial","529","1741451","0.0-280.0-0.0","2893.800000190735","","","","49","1,0,0","5","city","216","probe-188","0.3433537321147532","0.19407710851957696","0.22521996426347482","1","","","","","","","",""
"","html-keyboard-response","530","1742455","0.0-280.0-1.0","null","<p></p>","null","","","","","","","","","","","","","","","","","","",""
"","do_trial","531","1749033","0.0-281.0-0.0","2034.8000001907349","","","","49","0,0,1","5","city","217","probe-141","0.5598226929891865","0.13196329697736203","0.34459876240984905","0","","","","","","","",""
"","html-keyboard-response","532","1750038","0.0-281.0-1.0","null","<p></p>","null","","","","","","","","","","","","","","","","","","",""
"","do_trial","533","1757485","0.0-282.0-0.0","2897.5","","","","49","1,0,0","5","city","218","probe-108","0.6628231327982552","0.2511894847666714","0.417608731289914","1","","","","","","","",""
"","html-keyboard-response","534","1758490","0.0-282.0-1.0","null","<p></p>","null","","","","","","","","","","","","","","","","","","",""
"","do_trial","535","1764433","0.0-283.0-0.0","1389.9000000953674","","","","49","1,1,0","5","city","219","probe-60","0.7410997484607684","0.16894328852315707","0.3488358752473533","1","","","","","","","",""
"","html-keyboard-response","536","1765438","0.0-283.0-1.0","null","<p></p>","null","","","","","","","","","","","","","","","","","","",""
"","do_trial","537","1771925","0.0-284.0-0.0","1935.4000000953674","","","","49","0,0,0","5","city","220","probe-212","0.602935286097954","0.08571860783914145","0.3506445674616075","0","","","","","","","",""
"","html-keyboard-response","538","1772929","0.0-284.0-1.0","null","<p></p>","null","","","","","","","","","","","","","","","","","","",""
"","do_trial","539","1778011","0.0-285.0-0.0","531.3000001907349","","","","49","1,0,0","5","city","221","probe-176","0.6352259229962816","0.0632782637437446","0.2183066715875438","1","","","","","","","",""
"","html-keyboard-response","540","1779015","0.0-285.0-1.0","null","<p></p>","null","","","","","","","","","","","","","","","","","","",""
"","do_trial","541","1784055","0.0-286.0-0.0","489.2000002861023","","","","49","1,0,0","5","city","222","probe-58","0.623857818113903","0.11393472094533237","0.216223497016611","1","","","","","","","",""
"","html-keyboard-response","542","1785059","0.0-286.0-1.0","null","<p></p>","null","","","","","","","","","","","","","","","","","","",""
"","do_trial","543","1790151","0.0-287.0-0.0","543.5999999046326","","","","49","1,0,0","5","city","223","probe-218","0.5472342590893964","0.07436601156000633","0.10684277401092111","1","","","","","","","",""
"","html-keyboard-response","544","1791155","0.0-287.0-1.0","null","<p></p>","null","","","","","","","","","","","","","","","","","","",""
"","do_trial","545","1796728","0.0-288.0-0.0","1022.3999996185303","","","","49","1,0,1","5","city","224","probe-101","0.5744351397377399","0.08313728976576443","0.28679684565453534","1","","","","","","","",""
"","html-keyboard-response","546","1797733","0.0-288.0-1.0","null","<p></p>","null","","","","","","","","","","","","","","","","","","",""
"","do_trial","547","1802952","0.0-289.0-0.0","677.5999999046326","","","","49","1,0,1","5","city","225","probe-37","0.602590101372435","0.060558826259429606","0.1814626089177433","1","","","","","","","",""
"","html-keyboard-response","548","1803956","0.0-289.0-1.0","null","<p></p>","null","","","","","","","","","","","","","","","","","","",""
"","do_trial","549","1809263","0.0-290.0-0.0","759.0999999046326","","","","49","0,0,0","5","city","226","probe-144","0.5155873682343213","0.08130767140348512","0.2871090597139054","0","","","","","","","",""
"","html-keyboard-response","550","1810267","0.0-290.0-1.0","null","<p></p>","null","","","","","","","","","","","","","","","","","","",""
"","do_trial","551","1815741","0.0-291.0-0.0","929","","","","49","0,0,1","5","city","227","probe-05","0.5344323407655763","0.12860309697256736","0.4305531770975686","0","","","","","","","",""
"","html-keyboard-response","552","1816746","0.0-291.0-1.0","null","<p></p>","null","","","","","","","","","","","","","","","","","","",""
"","do_trial","553","1821407","0.0-292.0-0.0","118.5","","","","51","1,0,0","5","city","228","probe-172","0.5982961595717107","0.19567853702844423","0.3093559637485036","0","","","","","","","",""
"","html-keyboard-response","554","1822412","0.0-292.0-1.0","null","<p></p>","null","","","","","","","","","","","","","","","","","","",""
"","do_trial","555","1828170","0.0-293.0-0.0","1206.9000000953674","","","","49","1,0,0","5","city","229","probe-138","0.6361394941256854","0.153779361860507","0.2696464120423504","1","","","","","","","",""
"","html-keyboard-response","556","1829174","0.0-293.0-1.0","null","<p></p>","null","","","","","","","","","","","","","","","","","","",""
"","do_bye","557","1830684","0.0-294.0-0.0","null","","","","null","","","","","","","","","","","","","","","","",""
"","html-keyboard-response","558","1835855","0.0-294.0-1.0","5168","<div class='center'>You are all done with the first part of the experiment! Thank you for participating. Tomorrow, you will recieve an invitation to participate in the next phase of the experiment which you must complete by the end of the day. <p><b>[Press the space bar to end the experiment]</b></p></div>","32","","","","","","","","","","","","3,0,2,1,4,5","132,116,92,228,104,212,225,38,99,199,28,44,75,5,91,166,43,153,205,121,119,103,97,80,204,63,56,152,10,124,223,227,125,167,112,178,196,76,87,105,184,40,164,79,93,172,200,183,11,106,128,46,53,127,50,198,0,147,156,108,86,52,189,32,24,154,47,95,78,161,110,66,214,213,195,62,203,148,73,157,120,151,129,123,131,85,155,60,208,130,23,126,3,31,77,2,74,117,7,81,65,70,17,114,201,15,118,170,33,136,149,190,219,197,29,22,229,13,210,138,89,113,133,146,224,58,45,194,109,61,141,209,71,220,68,226,9,34,55,186,207,192,182,160,177,142,21,94,191,8,88,188,193,111,12,20,67,51,6,145,49,216,98,218,48,96,16,215,27,26,41,150,42,64,35,54,165,135,139,163,37,185,90,134,69,206,82,83,39,19,169,1,173,179,174,25,181,144,122,30,176,115,101,84,102,18,159,221,14,168,158,222,202,162,72,180,187,140,107,59,211,175,57,217,100,36,143,4,171,137","21,18,9,17,15,1,14,4,6,16,22,3,23,8,0,10,13,24,11,20,7,12,19,5,2","0.5389619889380108,0.5448081683075165,0.6399036960874608,0.5673379908214412,0.6446993096616835,0.5645575408211869,0.5663736897946712,0.46123206012358886,0.45551005625811825,0.5806145964624444,0.5809247444570617,0.5460966486975152,0.40409336259432055,0.2845085355254497,0.27240623660094776,0.3036736146905426,0.29600735184322496,0.3106260990862757,0.21730829023181222,0.1954207113555172,0.23743612628071936,0.13883509397633922,0.14625445029695544,0.0610040638742994,0.23776469208993006,0.13715634039746774,0.2815332111963809,0.22319996211537593,0.1759264427473433,0.1164950269448023,0.13055891140173823,0.161424064040317,0.10485754270883989,0.1446549232153369,0.10769678344416267,0.12086529025931889,0.11443756757898957,0.15849783370316037,0.20198446027979242,0.11605556065192524,0.19738449142221512,0.2621177800628471,0.24165004151284536,0.17211928591992195,0.1328019384067795,0.2408904124965484,0.07206431378500798,0.09967112418811484,0.1627313564241389,0.08383809688949947,0.08397868166966634,0.09922619694953967,0.3351218425964963,0.4152484381661577,0.3519816770893565,0.5338073841708474,0.6954707470906901,0.6862576725963131,0.6427338274623522,0.6107357661931156,0.6386334898624694,0.5305004980965486,0.6628255454948732,0.6452030933761778,0.7267053266485004,0.6373023956725843,0.551784032462825,0.49660058088234854,0.49329895199799617,0.4250003406878421,0.3431638868393304,0.41424874323054484,0.5772870066899592,0.5243310758213322,0.5029439093559939,0.4983903705766824,0.6390989587414408,0.7112648824606859,0.6877886597350079,0.5286808249467241,0.5828624872047279,0.5802019734588812,0.48197681707152457,0.5885484140311684,0.5603755976189025,0.6465787465599161,0.40871366056751685,0.4900338475689362,0.573928629965194,0.6367864775441605,0.6171160944955102,0.6947313361980938,0.45065604349522703,0.4183738602268447,0.40592199817094027,0.5064780048728637,0.3191038356250375,0.2988887490748241,0.30148160509810057,0.391466076339875,0.3504589250838879,0.4635403004926563,0.42938928457354375,0.534996601905805,0.3009282984038027,0.37332226572268457,0.2455257387229019,0.35418726891150715,0.390164929335448,0.38369037975576126,0.3083902116125989,0.21254468424172068,0.27371035054476606,0.2725666223186862,0.3196165927209987,0.31160021509295166,0.39008487780728973,0.4786856463393271,0.5450805132192118,0.4427026099679592,0.3535660696138923,0.37674084123709,0.3696378374320486,0.24379652103463423,0.16262006341117463,0.32131298547126896,0.20221271135571114,0.15895702714071006,0.11294827727807955,0.1639163125950653,0.1616447263144496,0.1320837554416015,0.2090665766022403,0.3546368382856865,0.39399273396792284,0.2180233321859766,0.340697911379304,0.34994901819873614,0.2739311558276541,0.27607067582038,0.4386131937650912,0.41360703449800534,0.49037255414240594,0.27480692386542427,0.23076326528326785,0.2011607117238614,0.1349620553950539,0.13126258174771543,0.12374384219083752,0.18194051791597546,0.21976971327791725,0.23312109826673486,0.31570415095615434,0.12305478141341489,0.31025990505544926,0.4713034062862538,0.36222279679732994,0.23568064400004765,0.23659765209170622,0.1173803403428178,0.13152346983712662,0.16925188264747523,0.22063196127276846,0.2564584437020337,0.2373753680977983,0.24243072449197145,0.13988967780287367,0.1942711828630732,0.23213912487062185,0.07258889016132787,0.16799449449614628,0.13689000045201016,0.254730287377689,0.3701953106373372,0.5261871066073247,0.5966040153467634,0.560428541924724,0.5840450559853471,0.6517023861519232,0.5681066191755086,0.6742538990571538,0.8911350668804832,0.8550777901359312,0.8301796224105833,0.8000261596789361,0.7605483446032726,0.6855302850252275,0.7321218332270564,0.607627162161159,0.5063005734372547,0.6367872613138313,0.5285352644812578,0.5036451651596616,0.393823171226429,0.56626647748655,0.5453479091402745,0.5203167560658357,0.44521917069120676,0.4785787322961229,0.5930486673165588,0.5640182854657914,0.5761048294328626,0.48383343598406114,0.5312201112950627,0.40013419031594355,0.31328233517490756,0.38244359269107253,0.34476727162230225,0.47603391001025935,0.4986958822741428,0.5720014307204435,0.48847964422547985,0.3758615948031644,0.389705326066329,0.4107407807112092,0.40519841868333367,0.22063086208497595,0.2623949260149125,0.29451105814307565,0.253833167543924,0.41965507573443583,0.25371743256547397,0.2048462354201706,0.36937834383309825,0.3633185786405464,0.34525497402578453,0.3346347015643665,0.25877263057987765,0.22804992181554254,0.14969412686640174,0.20686912145937078,0.27746782887924876,0.27898014485542666,0.20880151829084073,0.33420221901866287,0.27747491358717397,0.31885977519350517,0.3434526040488713,0.2727018722345178,0.22326278811418854,0.3579439322034655,0.3867207885547096,0.4079205925794597,0.3074525001914746,0.21683797327207552,0.17628815185452282,0.27574859882488834,0.13740053531368693,0.10797860699643469,0.15206727173870335","0.18403737301268913,0.21786412094432855,0.1627667856000781,0.15221893001178488,0.24434693077277225,0.19549362678414262,0.12893426629539612,0.07533333511509588,0.16297357735647183,0.06896638249104155,0.1680724195517024,0.16343085850776984,0.30389480934603397,0.3098857736930998,0.12501154464275582,0.17162124054466418,0.1947626778017072,0.36521716801524645,0.23297603437831207,0.3275232794093965,0.24782376940083142,0.22056361986485482,0.10920330572697853,0.20525433440610805,0.36988397322908556,0.21235093864898388,0.13093879745157586,0.15266692342072646,0.34707415135357805,0.30457316097215176,0.32129184426118573,0.41885711352851474,0.32435702622148865,0.28788202286209674,0.14983526921292462,0.29929782699608753,0.22417283518490272,0.3183485305380872,0.2530256748529981,0.21661577320495298,0.16607317364707222,0.4039151748104557,0.38167515022151954,0.22863862139110644,0.2609935850724557,0.3381367761492457,0.25329113885413657,0.14598297999923482,0.19724785650565005,0.0803613530005558,0.25340768557506294,0.18056887019006,0.24947831213451968,0.38729875000056196,0.2863775173992793,0.2718010025914868,0.2474899308243273,0.2477509468220926,0.23027665269787662,0.0803966417105212,0.21206185525015678,0.2727521557156176,0.25150126440317677,0.28226052636921095,0.21076077187635683,0.41546446082446997,0.4131133075486018,0.360562199957798,0.3050067222490855,0.21234462669746507,0.2661202354486391,0.05452789709070675,0.09640525884875896,0.19773896880759034,0.1369661901343021,0.31096865985573774,0.14049186656429272,0.29008600076694235,0.33152082588201476,0.4003554863622143,0.15619291642808322,0.3122332335949633,0.22192069961017097,0.35426730228869246,0.17697618390131248,0.1985730089722909,0.29149711381165694,0.32153485887986355,0.236289922584665,0.3504652704802977,0.31681307618919063,0.3426213508681827,0.3710678987650596,0.23262092636167153,0.12327708831056355,0.18826958805323366,0.06740567515122775,0.05089413507655996,0.05973110720725046,0.1389332819549805,0.11706344534638405,0.0989783057961386,0.13205508971830088,0.08996548139905133,0.21180898884784966,0.19155230813614035,0.31649697402848553,0.33918321934351653,0.21518941708407308,0.09587559505299784,0.10726550095119695,0.1282816429700726,0.05971782492627829,0.16359162348642453,0.09118234065721147,0.1299349348418328,0.10500254644890566,0.07213891737397056,0.12846142234993135,0.088255683231269,0.11813754522108681,0.0945416244525405,0.14468780442150733,0.2771065870401193,0.1561089044100376,0.06651208636054602,0.10783854137487435,0.1719729700911969,0.18609765375390916,0.17581409501871365,0.07228874704848771,0.0946769836746394,0.24173036211001334,0.36375330035808007,0.4778019824388654,0.5821311323715496,0.6319548466256968,0.601848727905933,0.6203118024476295,0.5229916049393516,0.5412493171975543,0.4993479821678914,0.5262285781920585,0.4983782085953522,0.4906415043967358,0.6405286611478287,0.6785545718927785,0.7553744120349056,0.6045824188122626,0.760993897473617,0.5744624237465555,0.5918760298844403,0.5381324192182241,0.6393892617948893,0.535663959873062,0.7322418799764975,0.7086017342449175,0.782344417376457,0.7425854797076741,0.7430475439950007,0.6219060423925903,0.6029120924656993,0.6138791871858237,0.5161250334414792,0.42894104082490253,0.46030844672696547,0.5591726244901418,0.5567175546156978,0.6652596632769238,0.6381992796908318,0.5729174454111235,0.6157821876461325,0.37389615700809253,0.3463594941954177,0.3024040165392303,0.1491850869793976,0.12330466352092818,0.19477451205072577,0.13669607887796212,0.11358035762128132,0.17011465523008032,0.10916147970208818,0.13122808151489457,0.25213182848189114,0.20839062286665555,0.09264545965543952,0.08105341966123934,0.09283461527489248,0.13615666051387165,0.14838066830342,0.05356870225815701,0.22350646259117796,0.18549956462117162,0.19831270504123652,0.11622742177913654,0.0801313905441126,0.08304560439237677,0.13157724315417563,0.1336183272090681,0.20758172273620798,0.21829842092775792,0.18208619288645342,0.24799057527456833,0.3150911265967026,0.23673116083200543,0.2419763973906463,0.11741974501936465,0.12403467704132805,0.18921623053530817,0.22671043254296655,0.23370758119715787,0.215878536037696,0.3698967882304009,0.4156230444667452,0.5109730232418564,0.5579311619603989,0.4901638577064837,0.4498632642186408,0.34809345067740083,0.23626346409303683,0.4988188231037985,0.49019977320781705,0.6200134380045015,0.6123558893899251,0.5155088641900165,0.5665960015512022,0.520206339364709,0.4241119470404362,0.48701075264272925,0.5043660798026935,0.6030302227651241,0.5367860436277515,0.366313099682324,0.4821647760865244,0.5505297994285598,0.5499737497542408,0.440076128375307,0.5982877717241376,0.5625475345324289,0.5033128945678489,0.31162883799850694,0.4813525920603173,0.6016344557401587,0.6037676843214156,0.7236836343350106,0.6258499956379316,0.6219776306602407,0.542840417288816,0.5256478319509946,0.5548662051312383","0.21270545895424683,0.20957160660450583,0.24163405194848162,0.265922143682839,0.30999428012776287,0.36158224801001526,0.20765467615787359,0.26323528346356906,0.23164889255251134,0.23186704408837266,0.20906997557157042,0.12823379490754808,0.39283185435519125,0.3811217436157209,0.4644556428551061,0.37719364856128856,0.3833742685655376,0.3550941725937679,0.44714256632851745,0.41151197476295653,0.5143934498659768,0.45438484636654153,0.5072879497136704,0.5071831765787619,0.6470810607732262,0.5565426168389498,0.7014933693442325,0.4358877148452185,0.32165421931011684,0.4297943171469349,0.5056363843608901,0.632762854617565,0.6223363435329565,0.5399868752789199,0.6328077246722829,0.6927360963923437,0.6079380113249127,0.7239425702946063,0.6592578752759504,0.486590364724001,0.4630764840997053,0.4786868805785533,0.54934422277553,0.5490208668734003,0.5098705553717399,0.5627838893446707,0.5082043504862896,0.5622753214087153,0.5617493034829328,0.5324221622893573,0.43059962773878613,0.4266533353794542,0.4221176123827597,0.2609536491625589,0.35054093866736546,0.23494685145409455,0.24769140277669965,0.0656314389321081,0.07019864322613781,0.11891405210487145,0.062414366866325004,0.10477690446395882,0.1724260022068578,0.0916132186278802,0.15176870977641896,0.11802460415537594,0.25203839981949977,0.1891640751650965,0.18006303089688075,0.18968558113331163,0.15547379851534282,0.2100490420897985,0.08529881727641431,0.13497729235501185,0.14876869895781675,0.14754511197859327,0.10753763589589456,0.20125136775897162,0.29767048556839687,0.18018749600447515,0.0943354072406608,0.1737488807564863,0.09402439261760989,0.10971171412991519,0.11946358265890313,0.2067006344852466,0.10576623943064384,0.05134444744246722,0.11502878074887708,0.10616018208909438,0.1112525099891328,0.18182414177280048,0.32630791291237243,0.39500234111185983,0.41786723892775635,0.5858806705442583,0.5852559247826201,0.6827778612299212,0.6056059604514256,0.6400138378765086,0.7658023063124979,0.7663774244870531,0.6462837371903466,0.48950131756821336,0.4002764632717131,0.5145790733618737,0.4354518997169548,0.4717246664527861,0.5005996757010772,0.5886756097856657,0.6674828767722631,0.673737896155065,0.6670569166918847,0.5442320506493289,0.5807964979238756,0.6268757887229205,0.7071318616529487,0.7366096359218741,0.6104787056781249,0.6144948499210375,0.5791036444274144,0.5217504467466195,0.4993455678398498,0.7114369169671032,0.7518502226935182,0.751806679825425,0.6580707131305156,0.5664066800379439,0.42498120811165885,0.35947366494113425,0.18280927006522263,0.28102102502736365,0.19686097206823214,0.16608313789244417,0.09068608902416467,0.136520149669955,0.10991002256375737,0.100390826638175,0.08331171174063025,0.20862454460827373,0.12042176672970879,0.18189394399164674,0.16373477785559334,0.3018443314694043,0.1797979190373307,0.07794219068827966,0.08778890083056069,0.35088068822447577,0.09091306429957419,0.08699301919273529,0.12309531071807703,0.14821915810617836,0.06387093371848795,0.06273720790260891,0.22793657210572252,0.12580830279526048,0.09237150244799161,0.07723547022249495,0.05040315143617519,0.1246379173996174,0.10083454607741102,0.19344596692381236,0.13087518362552658,0.16288001686339368,0.31573599916963074,0.18165645709974837,0.13509018086386795,0.11170947825321247,0.07080517039376841,0.09194992100004772,0.16286911623641045,0.12505114989962143,0.31883652258098294,0.3099696697539993,0.30723800449101063,0.23666358721232136,0.21809612733675773,0.2692340486927451,0.2556852531124815,0.16097961889545018,0.21457722879889699,0.2752908471380478,0.3378831902792247,0.29340215382601587,0.1563445084797289,0.09836040550691323,0.28778512757114616,0.20263829766747654,0.22421327055258247,0.21547388960466973,0.18048056809283822,0.3377079680945185,0.5026478673814514,0.3354368390668024,0.3412265773042113,0.31184770017184094,0.24286930441536833,0.3961433387582828,0.41551202121709746,0.3106157542928551,0.12911033407015526,0.06674718993493794,0.13373505861289592,0.43117412730482096,0.24789330707458285,0.36086907364062754,0.3569033426468709,0.272761952111426,0.3355989347172136,0.35191453018036667,0.4172196240752157,0.38437186270254375,0.3933725117158292,0.26230769914764135,0.25617706507926585,0.17273663683873533,0.05503846736452589,0.23031275705593757,0.11366665280592972,0.09963511539458715,0.09216741304625031,0.10617490427819293,0.09533463499002194,0.14568544893483737,0.20158939010003504,0.25419214902945786,0.21962970142868318,0.2297395816873493,0.2015163200177577,0.1855675375094616,0.33535993945165166,0.16008883889340494,0.05652154158089303,0.1620490158588525,0.06770365794215316,0.08185199073392674,0.08669356715600665,0.120437718616921,0.05724532975841329,0.09947072430385527,0.08302230135234988,0.12079890426493864,0.1797955571010574,0.12282735632713433,0.0992832309510205,0.15299988986057478,0.21381361913895142,0.1603777495184721,0.06559411958650202,0.12897460939084227","83,209,203,47,86,161,126,82,167,120,204,123,48,166,205,162,46,168,84,163,80,128,200,87,165,124,127,85,122,207,169,42,206,45,43,201,208,41,129,40,81,44,49,88,164,89,121,160,125,202","11,4,1,1,7,1,1,6,4,1,1,2,3,3,1,2,1,2,2,6,5,1,5,4,5,1,2,4,6,7,5,2,1,6,6,1,5,6,7,1,5,1,1,5,2,1,1,4,1,1,1,4,1,3,1,4,6,1,1,6"
